Voltage(V)	Current(A)	PD Current(A)	J (mA/cm2)	L (cd/m2)	Cur Eff (cd/A)	Power Eff (lm/W)	EQE(%)	CIE X	CIE Y	Wav (nm)	Intensity (au)
-4.000E+0	1.542E-4	1.413E-9	3.856E+0	2.384E-1	6.184E-3	-4.854E-3	1.855E-3	3.042E-1	5.833E-1	3.808E+2	2.384E-6
-3.800E+0	1.472E-4	1.432E-9	3.679E+0	2.416E-1	6.567E-3	-5.427E-3	1.970E-3			3.811E+2	1.487E-7
-3.600E+0	1.503E-4	1.374E-9	3.758E+0	2.319E-1	6.171E-3	-5.382E-3	1.851E-3			3.815E+2	0.000E+0
-3.400E+0	1.134E-4	1.317E-9	2.834E+0	2.223E-1	7.846E-3	-7.246E-3	2.354E-3			3.819E+2	2.682E-6
-3.200E+0	9.351E-5	1.288E-9	2.338E+0	2.173E-1	9.295E-3	-9.121E-3	2.789E-3			3.822E+2	3.129E-6
-3.000E+0	8.337E-5	1.297E-9	2.084E+0	2.189E-1	1.050E-2	-1.099E-2	3.151E-3			3.826E+2	1.193E-6
-2.800E+0	7.994E-5	1.285E-9	1.998E+0	2.169E-1	1.085E-2	-1.217E-2	3.256E-3			3.830E+2	4.471E-6
-2.600E+0	7.075E-5	1.280E-9	1.769E+0	2.160E-1	1.221E-2	-1.475E-2	3.663E-3			3.833E+2	2.981E-6
-2.400E+0	5.483E-5	1.272E-9	1.371E+0	2.147E-1	1.566E-2	-2.049E-2	4.699E-3			3.837E+2	2.832E-6
-2.200E+0	4.564E-5	1.280E-9	1.141E+0	2.160E-1	1.893E-2	-2.702E-2	5.679E-3			3.841E+2	2.236E-6
-2.000E+0	3.482E-5	1.282E-9	8.705E-1	2.164E-1	2.487E-2	-3.904E-2	7.460E-3			3.844E+2	4.769E-6
-1.800E+0	2.746E-5	1.288E-9	6.865E-1	2.174E-1	3.167E-2	-5.524E-2	9.500E-3			3.848E+2	1.937E-6
-1.600E+0	2.157E-5	1.286E-9	5.392E-1	2.170E-1	4.025E-2	-7.899E-2	1.207E-2			3.852E+2	4.918E-6
-1.400E+0	1.669E-5	1.288E-9	4.173E-1	2.173E-1	5.208E-2	-1.168E-1	1.562E-2			3.855E+2	3.726E-6
-1.200E+0	1.227E-5	1.290E-9	3.067E-1	2.177E-1	7.098E-2	-1.857E-1	2.129E-2			3.859E+2	3.875E-6
-1.000E+0	8.440E-6	1.285E-9	2.110E-1	2.169E-1	1.028E-1	-3.229E-1	3.085E-2			3.863E+2	8.944E-7
-8.000E-1	5.517E-6	1.270E-9	1.379E-1	2.144E-1	1.554E-1	-6.100E-1	4.662E-2			3.866E+2	4.471E-6
-6.000E-1	3.583E-6	1.273E-9	8.957E-2	2.148E-1	2.398E-1	-1.255E+0	7.195E-2			3.870E+2	1.341E-6
-4.000E-1	1.877E-6	1.273E-9	4.691E-2	2.148E-1	4.579E-1	-3.594E+0	1.374E-1			3.874E+2	5.812E-6
-2.000E-1	6.384E-7	1.268E-9	1.596E-2	2.140E-1	1.341E+0	-2.105E+1	4.022E-1			3.877E+2	3.875E-6
1.277E-15	5.659E-10	1.251E-9	1.415E-5	2.112E-1	1.493E+3	3.671E+18	4.478E+2			3.881E+2	2.682E-6
2.000E-1	6.725E-7	8.282E-10	1.681E-2	1.398E-1	8.314E-1	1.305E+1	2.494E-1			3.885E+2	5.067E-6
4.000E-1	1.176E-6	1.256E-9	2.940E-2	2.120E-1	7.208E-1	5.659E+0	2.162E-1			3.888E+2	5.963E-7
6.000E-1	2.144E-6	1.249E-9	5.359E-2	2.109E-1	3.935E-1	2.059E+0	1.180E-1			3.892E+2	2.981E-7
8.000E-1	3.473E-6	1.247E-9	8.682E-2	2.105E-1	2.424E-1	9.514E-1	7.272E-2			3.895E+2	3.279E-6
1.000E+0	5.327E-6	1.246E-9	1.332E-1	2.103E-1	1.579E-1	4.959E-1	4.738E-2			3.899E+2	1.043E-6
1.200E+0	8.954E-6	1.230E-9	2.239E-1	2.076E-1	9.276E-2	2.427E-1	2.783E-2			3.903E+2	3.129E-6
1.400E+0	1.055E-5	1.242E-9	2.637E-1	2.097E-1	7.953E-2	1.784E-1	2.386E-2			3.906E+2	1.043E-6
1.600E+0	1.392E-5	1.292E-9	3.480E-1	2.181E-1	6.266E-2	1.230E-1	1.880E-2			3.910E+2	2.832E-6
1.800E+0	1.690E-5	1.304E-9	4.226E-1	2.200E-1	5.207E-2	9.083E-2	1.562E-2			3.914E+2	8.944E-7
2.000E+0	2.284E-5	1.301E-9	5.710E-1	2.196E-1	3.846E-2	6.038E-2	1.154E-2			3.917E+2	1.487E-7
2.200E+0	3.834E-5	1.276E-9	9.585E-1	2.154E-1	2.247E-2	3.207E-2	6.741E-3			3.921E+2	2.236E-6
2.400E+0	4.538E-5	1.282E-9	1.134E+0	2.163E-1	1.907E-2	2.495E-2	5.721E-3			3.925E+2	1.937E-6
2.600E+0	5.853E-5	1.287E-9	1.463E+0	2.172E-1	1.485E-2	1.793E-2	4.454E-3			3.928E+2	1.639E-6
2.800E+0	7.818E-5	1.346E-9	1.954E+0	2.271E-1	1.162E-2	1.303E-2	3.486E-3			3.932E+2	4.620E-6
3.000E+0	8.417E-5	2.076E-9	2.104E+0	3.504E-1	1.665E-2	1.743E-2	4.996E-3			3.935E+2	4.024E-6
3.200E+0	1.340E-4	6.603E-9	3.349E+0	1.114E+0	3.327E-2	3.265E-2	9.982E-3			3.939E+2	0.000E+0
3.400E+0	1.571E-4	2.453E-8	3.928E+0	4.141E+0	1.054E-1	9.734E-2	3.162E-2			3.943E+2	6.557E-6
3.600E+0	1.867E-4	7.388E-8	4.667E+0	1.247E+1	2.672E-1	2.330E-1	8.016E-2			3.946E+2	3.577E-6
3.800E+0	1.756E-4	1.894E-7	4.390E+0	3.196E+1	7.282E-1	6.017E-1	2.185E-1			3.950E+2	5.812E-6
4.000E+0	2.164E-4	3.763E-7	5.410E+0	6.351E+1	1.174E+0	9.216E-1	3.522E-1			3.954E+2	2.981E-7
4.200E+0	2.458E-4	7.085E-7	6.144E+0	1.196E+2	1.946E+0	1.455E+0	5.839E-1			3.957E+2	2.981E-7
4.400E+0	2.919E-4	1.179E-6	7.298E+0	1.990E+2	2.727E+0	1.946E+0	8.180E-1			3.961E+2	2.534E-6
4.600E+0	4.053E-4	1.850E-6	1.013E+1	3.123E+2	3.082E+0	2.104E+0	9.245E-1			3.965E+2	4.469E-7
4.800E+0	5.273E-4	2.736E-6	1.318E+1	4.618E+2	3.503E+0	2.292E+0	1.051E+0			3.968E+2	1.937E-6
5.000E+0	6.705E-4	3.877E-6	1.676E+1	6.544E+2	3.904E+0	2.452E+0	1.171E+0			3.972E+2	1.491E-6
5.200E+0	8.664E-4	5.239E-6	2.166E+1	8.842E+2	4.082E+0	2.465E+0	1.225E+0			3.975E+2	8.944E-7
5.400E+0	1.107E-3	6.828E-6	2.767E+1	1.153E+3	4.166E+0	2.422E+0	1.250E+0			3.979E+2	1.937E-6
5.600E+0	1.365E-3	8.677E-6	3.412E+1	1.464E+3	4.292E+0	2.407E+0	1.288E+0			3.983E+2	1.491E-6
5.800E+0	1.629E-3	1.076E-5	4.073E+1	1.816E+3	4.458E+0	2.413E+0	1.337E+0			3.986E+2	1.639E-6
6.000E+0	1.937E-3	1.311E-5	4.843E+1	2.212E+3	4.567E+0	2.390E+0	1.370E+0			3.990E+2	1.043E-6
6.200E+0	2.264E-3	1.567E-5	5.660E+1	2.645E+3	4.673E+0	2.367E+0	1.402E+0			3.994E+2	1.487E-7
6.400E+0	2.622E-3	1.847E-5	6.554E+1	3.118E+3	4.757E+0	2.334E+0	1.427E+0			3.997E+2	4.024E-6
6.600E+0	3.009E-3	2.155E-5	7.522E+1	3.638E+3	4.836E+0	2.301E+0	1.451E+0			4.001E+2	3.427E-6
6.800E+0	3.424E-3	2.473E-5	8.561E+1	4.174E+3	4.876E+0	2.251E+0	1.463E+0			4.005E+2	1.341E-6
7.000E+0	3.877E-3	2.821E-5	9.693E+1	4.761E+3	4.912E+0	2.203E+0	1.474E+0			4.008E+2	5.514E-6
7.200E+0	4.353E-3	3.190E-5	1.088E+2	5.385E+3	4.948E+0	2.158E+0	1.484E+0			4.012E+2	3.577E-6
7.400E+0	4.879E-3	3.574E-5	1.220E+2	6.032E+3	4.945E+0	2.098E+0	1.483E+0			4.015E+2	5.067E-6
7.600E+0	5.413E-3	3.982E-5	1.353E+2	6.721E+3	4.966E+0	2.052E+0	1.490E+0			4.019E+2	2.236E-6
7.800E+0	5.993E-3	4.401E-5	1.498E+2	7.427E+3	4.958E+0	1.996E+0	1.487E+0			4.023E+2	3.279E-6
8.000E+0	6.574E-3	4.840E-5	1.644E+2	8.170E+3	4.971E+0	1.951E+0	1.491E+0			4.026E+2	1.788E-6
8.200E+0	7.221E-3	5.325E-5	1.805E+2	8.988E+3	4.978E+0	1.906E+0	1.494E+0			4.030E+2	1.043E-6
8.400E+0	7.899E-3	5.824E-5	1.975E+2	9.830E+3	4.978E+0	1.861E+0	1.493E+0			4.034E+2	4.322E-6
8.600E+0	8.585E-3	6.343E-5	2.146E+2	1.071E+4	4.988E+0	1.821E+0	1.496E+0			4.037E+2	3.577E-6
8.800E+0	9.323E-3	6.871E-5	2.331E+2	1.160E+4	4.976E+0	1.775E+0	1.493E+0			4.041E+2	5.963E-7
9.000E+0	1.009E-2	7.414E-5	2.522E+2	1.251E+4	4.962E+0	1.731E+0	1.488E+0			4.045E+2	5.963E-7
9.200E+0	1.088E-2	7.972E-5	2.719E+2	1.346E+4	4.949E+0	1.689E+0	1.485E+0			4.048E+2	0.000E+0
9.400E+0	1.169E-2	8.530E-5	2.923E+2	1.440E+4	4.926E+0	1.645E+0	1.478E+0			4.052E+2	4.471E-6
9.600E+0	1.251E-2	9.114E-5	3.127E+2	1.538E+4	4.920E+0	1.609E+0	1.476E+0			4.055E+2	8.793E-6
9.800E+0	1.333E-2	9.680E-5	3.334E+2	1.634E+4	4.901E+0	1.570E+0	1.470E+0			4.059E+2	1.193E-6
1.000E+1	1.428E-2	1.031E-4	3.569E+2	1.739E+4	4.874E+0	1.530E+0	1.462E+0			4.063E+2	1.639E-6
										4.066E+2	2.236E-6
										4.070E+2	2.534E-6
										4.074E+2	7.451E-6
										4.077E+2	1.639E-6
										4.081E+2	7.749E-6
										4.084E+2	3.577E-6
										4.088E+2	1.487E-7
										4.092E+2	7.450E-7
										4.095E+2	5.365E-6
										4.099E+2	2.236E-6
										4.102E+2	3.726E-6
										4.106E+2	4.173E-6
										4.110E+2	4.024E-6
										4.113E+2	4.024E-6
										4.117E+2	4.918E-6
										4.121E+2	4.620E-6
										4.124E+2	2.384E-6
										4.128E+2	2.534E-6
										4.131E+2	1.937E-6
										4.135E+2	5.216E-6
										4.139E+2	0.000E+0
										4.142E+2	8.944E-7
										4.146E+2	4.469E-7
										4.150E+2	3.577E-6
										4.153E+2	2.981E-7
										4.157E+2	5.067E-6
										4.160E+2	1.193E-6
										4.164E+2	1.043E-6
										4.168E+2	6.557E-6
										4.171E+2	1.487E-7
										4.175E+2	1.788E-6
										4.178E+2	1.043E-6
										4.182E+2	3.577E-6
										4.186E+2	2.086E-6
										4.189E+2	1.193E-6
										4.193E+2	0.000E+0
										4.196E+2	1.043E-6
										4.200E+2	3.875E-6
										4.204E+2	3.427E-6
										4.207E+2	5.216E-6
										4.211E+2	1.118E-5
										4.215E+2	5.216E-6
										4.218E+2	5.812E-6
										4.222E+2	1.073E-5
										4.225E+2	2.086E-6
										4.229E+2	6.856E-6
										4.233E+2	1.193E-6
										4.236E+2	1.788E-6
										4.240E+2	1.937E-6
										4.243E+2	1.639E-6
										4.247E+2	5.514E-6
										4.251E+2	4.469E-7
										4.254E+2	1.341E-6
										4.258E+2	6.110E-6
										4.261E+2	1.193E-6
										4.265E+2	4.471E-6
										4.269E+2	3.726E-6
										4.272E+2	4.469E-7
										4.276E+2	3.427E-6
										4.280E+2	4.471E-6
										4.283E+2	1.639E-6
										4.287E+2	1.341E-6
										4.290E+2	5.365E-6
										4.294E+2	3.577E-6
										4.298E+2	7.004E-6
										4.301E+2	5.963E-7
										4.305E+2	3.726E-6
										4.308E+2	4.173E-6
										4.312E+2	1.788E-6
										4.315E+2	4.173E-6
										4.319E+2	7.899E-6
										4.323E+2	4.769E-6
										4.326E+2	8.495E-6
										4.330E+2	6.706E-6
										4.334E+2	1.043E-6
										4.337E+2	4.471E-6
										4.341E+2	3.279E-6
										4.344E+2	6.706E-6
										4.348E+2	2.981E-7
										4.351E+2	1.013E-5
										4.355E+2	5.216E-6
										4.359E+2	7.749E-6
										4.362E+2	3.427E-6
										4.366E+2	5.067E-6
										4.370E+2	6.706E-6
										4.373E+2	2.832E-6
										4.377E+2	7.004E-6
										4.380E+2	7.749E-6
										4.384E+2	1.162E-5
										4.387E+2	1.282E-5
										4.391E+2	9.836E-6
										4.395E+2	5.067E-6
										4.398E+2	1.505E-5
										4.402E+2	4.620E-6
										4.405E+2	1.669E-5
										4.409E+2	1.699E-5
										4.412E+2	1.386E-5
										4.416E+2	5.961E-6
										4.420E+2	5.663E-6
										4.423E+2	1.431E-5
										4.427E+2	1.848E-5
										4.430E+2	1.610E-5
										4.434E+2	1.639E-5
										4.438E+2	1.550E-5
										4.441E+2	2.221E-5
										4.445E+2	1.908E-5
										4.448E+2	1.624E-5
										4.452E+2	2.235E-5
										4.456E+2	2.474E-5
										4.459E+2	2.981E-5
										4.463E+2	2.444E-5
										4.466E+2	2.221E-5
										4.470E+2	2.936E-5
										4.474E+2	2.519E-5
										4.477E+2	3.145E-5
										4.481E+2	2.712E-5
										4.484E+2	3.443E-5
										4.488E+2	3.472E-5
										4.491E+2	3.323E-5
										4.495E+2	3.428E-5
										4.499E+2	4.441E-5
										4.502E+2	4.143E-5
										4.506E+2	4.322E-5
										4.509E+2	4.635E-5
										4.513E+2	4.799E-5
										4.516E+2	5.097E-5
										4.520E+2	5.931E-5
										4.524E+2	5.261E-5
										4.527E+2	5.574E-5
										4.531E+2	5.872E-5
										4.534E+2	6.557E-5
										4.538E+2	6.781E-5
										4.541E+2	6.572E-5
										4.545E+2	7.064E-5
										4.549E+2	7.630E-5
										4.552E+2	8.837E-5
										4.556E+2	8.301E-5
										4.559E+2	8.927E-5
										4.563E+2	9.374E-5
										4.566E+2	9.210E-5
										4.570E+2	1.073E-4
										4.574E+2	1.013E-4
										4.577E+2	1.149E-4
										4.581E+2	1.176E-4
										4.584E+2	1.207E-4
										4.588E+2	1.209E-4
										4.591E+2	1.282E-4
										4.595E+2	1.295E-4
										4.599E+2	1.387E-4
										4.602E+2	1.502E-4
										4.606E+2	1.475E-4
										4.609E+2	1.508E-4
										4.613E+2	1.715E-4
										4.616E+2	1.690E-4
										4.620E+2	1.741E-4
										4.624E+2	1.867E-4
										4.627E+2	1.826E-4
										4.631E+2	1.915E-4
										4.634E+2	1.951E-4
										4.638E+2	2.101E-4
										4.641E+2	2.215E-4
										4.645E+2	2.268E-4
										4.649E+2	2.329E-4
										4.652E+2	2.428E-4
										4.656E+2	2.615E-4
										4.659E+2	2.611E-4
										4.663E+2	2.785E-4
										4.666E+2	2.781E-4
										4.670E+2	2.975E-4
										4.674E+2	3.085E-4
										4.677E+2	3.009E-4
										4.681E+2	3.238E-4
										4.684E+2	3.536E-4
										4.688E+2	3.548E-4
										4.691E+2	3.727E-4
										4.695E+2	3.723E-4
										4.698E+2	3.918E-4
										4.702E+2	4.116E-4
										4.705E+2	4.247E-4
										4.709E+2	4.350E-4
										4.713E+2	4.443E-4
										4.716E+2	4.653E-4
										4.720E+2	4.750E-4
										4.723E+2	5.069E-4
										4.727E+2	5.253E-4
										4.730E+2	5.425E-4
										4.734E+2	5.560E-4
										4.738E+2	5.770E-4
										4.741E+2	5.936E-4
										4.745E+2	6.370E-4
										4.748E+2	6.376E-4
										4.752E+2	6.609E-4
										4.755E+2	6.827E-4
										4.759E+2	7.213E-4
										4.762E+2	7.460E-4
										4.766E+2	7.550E-4
										4.770E+2	7.827E-4
										4.773E+2	8.010E-4
										4.777E+2	8.472E-4
										4.780E+2	8.519E-4
										4.784E+2	8.758E-4
										4.787E+2	9.437E-4
										4.791E+2	9.560E-4
										4.794E+2	9.721E-4
										4.798E+2	1.010E-3
										4.801E+2	1.031E-3
										4.805E+2	1.066E-3
										4.809E+2	1.108E-3
										4.812E+2	1.132E-3
										4.816E+2	1.166E-3
										4.819E+2	1.199E-3
										4.823E+2	1.238E-3
										4.826E+2	1.251E-3
										4.830E+2	1.306E-3
										4.833E+2	1.323E-3
										4.837E+2	1.379E-3
										4.840E+2	1.414E-3
										4.844E+2	1.428E-3
										4.848E+2	1.461E-3
										4.851E+2	1.487E-3
										4.855E+2	1.538E-3
										4.858E+2	1.583E-3
										4.862E+2	1.575E-3
										4.865E+2	1.641E-3
										4.869E+2	1.678E-3
										4.872E+2	1.704E-3
										4.876E+2	1.766E-3
										4.879E+2	1.763E-3
										4.883E+2	1.815E-3
										4.886E+2	1.836E-3
										4.890E+2	1.875E-3
										4.894E+2	1.913E-3
										4.897E+2	1.915E-3
										4.901E+2	1.971E-3
										4.904E+2	2.007E-3
										4.908E+2	2.041E-3
										4.911E+2	2.077E-3
										4.915E+2	2.077E-3
										4.918E+2	2.162E-3
										4.922E+2	2.168E-3
										4.925E+2	2.219E-3
										4.929E+2	2.235E-3
										4.932E+2	2.279E-3
										4.936E+2	2.303E-3
										4.939E+2	2.328E-3
										4.943E+2	2.352E-3
										4.946E+2	2.405E-3
										4.950E+2	2.414E-3
										4.954E+2	2.428E-3
										4.957E+2	2.481E-3
										4.961E+2	2.486E-3
										4.964E+2	2.511E-3
										4.968E+2	2.552E-3
										4.971E+2	2.566E-3
										4.975E+2	2.583E-3
										4.978E+2	2.606E-3
										4.982E+2	2.648E-3
										4.985E+2	2.666E-3
										4.989E+2	2.669E-3
										4.992E+2	2.692E-3
										4.996E+2	2.728E-3
										4.999E+2	2.739E-3
										5.003E+2	2.760E-3
										5.006E+2	2.808E-3
										5.010E+2	2.813E-3
										5.014E+2	2.848E-3
										5.017E+2	2.883E-3
										5.020E+2	2.885E-3
										5.024E+2	2.884E-3
										5.028E+2	2.927E-3
										5.031E+2	2.965E-3
										5.035E+2	2.956E-3
										5.038E+2	3.008E-3
										5.042E+2	3.012E-3
										5.045E+2	3.047E-3
										5.049E+2	3.070E-3
										5.052E+2	3.073E-3
										5.056E+2	3.086E-3
										5.059E+2	3.113E-3
										5.063E+2	3.115E-3
										5.066E+2	3.159E-3
										5.070E+2	3.223E-3
										5.073E+2	3.197E-3
										5.077E+2	3.246E-3
										5.080E+2	3.227E-3
										5.084E+2	3.254E-3
										5.087E+2	3.263E-3
										5.091E+2	3.295E-3
										5.094E+2	3.317E-3
										5.098E+2	3.344E-3
										5.101E+2	3.357E-3
										5.105E+2	3.359E-3
										5.108E+2	3.380E-3
										5.112E+2	3.374E-3
										5.115E+2	3.409E-3
										5.119E+2	3.443E-3
										5.122E+2	3.420E-3
										5.126E+2	3.464E-3
										5.130E+2	3.456E-3
										5.133E+2	3.485E-3
										5.137E+2	3.498E-3
										5.140E+2	3.483E-3
										5.143E+2	3.530E-3
										5.147E+2	3.517E-3
										5.151E+2	3.542E-3
										5.154E+2	3.565E-3
										5.158E+2	3.582E-3
										5.161E+2	3.571E-3
										5.165E+2	3.582E-3
										5.168E+2	3.610E-3
										5.172E+2	3.580E-3
										5.175E+2	3.639E-3
										5.179E+2	3.630E-3
										5.182E+2	3.607E-3
										5.186E+2	3.631E-3
										5.189E+2	3.646E-3
										5.193E+2	3.647E-3
										5.196E+2	3.660E-3
										5.200E+2	3.660E-3
										5.203E+2	3.662E-3
										5.207E+2	3.674E-3
										5.210E+2	3.675E-3
										5.214E+2	3.683E-3
										5.217E+2	3.698E-3
										5.221E+2	3.705E-3
										5.224E+2	3.683E-3
										5.228E+2	3.707E-3
										5.231E+2	3.685E-3
										5.235E+2	3.699E-3
										5.238E+2	3.690E-3
										5.242E+2	3.715E-3
										5.245E+2	3.700E-3
										5.249E+2	3.691E-3
										5.252E+2	3.687E-3
										5.256E+2	3.683E-3
										5.259E+2	3.695E-3
										5.262E+2	3.703E-3
										5.266E+2	3.703E-3
										5.270E+2	3.687E-3
										5.273E+2	3.676E-3
										5.277E+2	3.668E-3
										5.280E+2	3.684E-3
										5.283E+2	3.683E-3
										5.287E+2	3.652E-3
										5.290E+2	3.670E-3
										5.294E+2	3.662E-3
										5.298E+2	3.660E-3
										5.301E+2	3.655E-3
										5.304E+2	3.635E-3
										5.308E+2	3.635E-3
										5.311E+2	3.597E-3
										5.315E+2	3.623E-3
										5.318E+2	3.629E-3
										5.322E+2	3.599E-3
										5.325E+2	3.584E-3
										5.329E+2	3.613E-3
										5.332E+2	3.571E-3
										5.336E+2	3.576E-3
										5.339E+2	3.558E-3
										5.343E+2	3.563E-3
										5.346E+2	3.534E-3
										5.350E+2	3.529E-3
										5.353E+2	3.543E-3
										5.357E+2	3.513E-3
										5.360E+2	3.511E-3
										5.364E+2	3.479E-3
										5.367E+2	3.494E-3
										5.371E+2	3.459E-3
										5.374E+2	3.453E-3
										5.378E+2	3.454E-3
										5.381E+2	3.452E-3
										5.385E+2	3.419E-3
										5.388E+2	3.408E-3
										5.392E+2	3.428E-3
										5.395E+2	3.366E-3
										5.398E+2	3.374E-3
										5.402E+2	3.362E-3
										5.405E+2	3.344E-3
										5.409E+2	3.360E-3
										5.412E+2	3.313E-3
										5.416E+2	3.299E-3
										5.419E+2	3.339E-3
										5.423E+2	3.264E-3
										5.426E+2	3.264E-3
										5.430E+2	3.258E-3
										5.433E+2	3.231E-3
										5.437E+2	3.247E-3
										5.440E+2	3.217E-3
										5.444E+2	3.206E-3
										5.447E+2	3.198E-3
										5.451E+2	3.159E-3
										5.454E+2	3.194E-3
										5.458E+2	3.129E-3
										5.461E+2	3.151E-3
										5.464E+2	3.088E-3
										5.468E+2	3.098E-3
										5.471E+2	3.094E-3
										5.475E+2	3.056E-3
										5.478E+2	3.054E-3
										5.482E+2	3.039E-3
										5.485E+2	3.060E-3
										5.489E+2	3.009E-3
										5.492E+2	2.970E-3
										5.496E+2	2.987E-3
										5.499E+2	2.959E-3
										5.503E+2	2.980E-3
										5.506E+2	2.968E-3
										5.510E+2	2.913E-3
										5.513E+2	2.906E-3
										5.516E+2	2.896E-3
										5.520E+2	2.882E-3
										5.523E+2	2.875E-3
										5.527E+2	2.846E-3
										5.530E+2	2.847E-3
										5.534E+2	2.833E-3
										5.537E+2	2.837E-3
										5.541E+2	2.812E-3
										5.544E+2	2.764E-3
										5.548E+2	2.768E-3
										5.551E+2	2.729E-3
										5.555E+2	2.711E-3
										5.558E+2	2.695E-3
										5.561E+2	2.706E-3
										5.565E+2	2.696E-3
										5.568E+2	2.644E-3
										5.572E+2	2.620E-3
										5.575E+2	2.632E-3
										5.579E+2	2.599E-3
										5.582E+2	2.590E-3
										5.586E+2	2.613E-3
										5.589E+2	2.600E-3
										5.592E+2	2.559E-3
										5.596E+2	2.529E-3
										5.599E+2	2.499E-3
										5.603E+2	2.528E-3
										5.606E+2	2.491E-3
										5.610E+2	2.457E-3
										5.613E+2	2.479E-3
										5.617E+2	2.460E-3
										5.620E+2	2.420E-3
										5.624E+2	2.406E-3
										5.627E+2	2.408E-3
										5.630E+2	2.400E-3
										5.634E+2	2.384E-3
										5.637E+2	2.355E-3
										5.641E+2	2.327E-3
										5.644E+2	2.319E-3
										5.648E+2	2.322E-3
										5.651E+2	2.305E-3
										5.655E+2	2.286E-3
										5.658E+2	2.242E-3
										5.662E+2	2.222E-3
										5.665E+2	2.232E-3
										5.668E+2	2.207E-3
										5.672E+2	2.182E-3
										5.675E+2	2.191E-3
										5.679E+2	2.187E-3
										5.682E+2	2.172E-3
										5.686E+2	2.137E-3
										5.689E+2	2.135E-3
										5.692E+2	2.101E-3
										5.696E+2	2.115E-3
										5.699E+2	2.093E-3
										5.703E+2	2.054E-3
										5.706E+2	2.041E-3
										5.710E+2	2.028E-3
										5.713E+2	2.050E-3
										5.717E+2	2.015E-3
										5.720E+2	1.993E-3
										5.723E+2	1.965E-3
										5.727E+2	1.964E-3
										5.730E+2	1.932E-3
										5.734E+2	1.948E-3
										5.737E+2	1.916E-3
										5.741E+2	1.892E-3
										5.744E+2	1.878E-3
										5.748E+2	1.892E-3
										5.751E+2	1.873E-3
										5.754E+2	1.848E-3
										5.758E+2	1.833E-3
										5.761E+2	1.820E-3
										5.765E+2	1.789E-3
										5.768E+2	1.775E-3
										5.772E+2	1.772E-3
										5.775E+2	1.756E-3
										5.778E+2	1.755E-3
										5.782E+2	1.738E-3
										5.785E+2	1.719E-3
										5.789E+2	1.691E-3
										5.792E+2	1.675E-3
										5.795E+2	1.669E-3
										5.799E+2	1.650E-3
										5.802E+2	1.649E-3
										5.806E+2	1.610E-3
										5.809E+2	1.594E-3
										5.813E+2	1.590E-3
										5.816E+2	1.584E-3
										5.820E+2	1.567E-3
										5.823E+2	1.562E-3
										5.826E+2	1.521E-3
										5.830E+2	1.504E-3
										5.833E+2	1.524E-3
										5.837E+2	1.494E-3
										5.840E+2	1.453E-3
										5.843E+2	1.458E-3
										5.847E+2	1.453E-3
										5.850E+2	1.448E-3
										5.854E+2	1.444E-3
										5.857E+2	1.412E-3
										5.861E+2	1.390E-3
										5.864E+2	1.392E-3
										5.867E+2	1.376E-3
										5.871E+2	1.353E-3
										5.874E+2	1.360E-3
										5.878E+2	1.330E-3
										5.881E+2	1.319E-3
										5.885E+2	1.320E-3
										5.888E+2	1.312E-3
										5.891E+2	1.296E-3
										5.895E+2	1.295E-3
										5.898E+2	1.269E-3
										5.902E+2	1.251E-3
										5.905E+2	1.240E-3
										5.908E+2	1.250E-3
										5.912E+2	1.254E-3
										5.915E+2	1.232E-3
										5.919E+2	1.190E-3
										5.922E+2	1.187E-3
										5.925E+2	1.182E-3
										5.929E+2	1.161E-3
										5.932E+2	1.163E-3
										5.936E+2	1.150E-3
										5.939E+2	1.145E-3
										5.942E+2	1.141E-3
										5.946E+2	1.117E-3
										5.949E+2	1.114E-3
										5.953E+2	1.090E-3
										5.956E+2	1.079E-3
										5.960E+2	1.079E-3
										5.963E+2	1.083E-3
										5.966E+2	1.052E-3
										5.970E+2	1.055E-3
										5.973E+2	1.045E-3
										5.977E+2	1.023E-3
										5.980E+2	1.012E-3
										5.983E+2	1.004E-3
										5.987E+2	1.010E-3
										5.990E+2	9.887E-4
										5.994E+2	9.958E-4
										5.997E+2	9.784E-4
										6.000E+2	9.630E-4
										6.004E+2	9.523E-4
										6.007E+2	9.535E-4
										6.011E+2	9.244E-4
										6.014E+2	9.279E-4
										6.017E+2	9.280E-4
										6.021E+2	9.153E-4
										6.024E+2	9.025E-4
										6.028E+2	8.803E-4
										6.031E+2	8.887E-4
										6.034E+2	8.742E-4
										6.038E+2	8.589E-4
										6.041E+2	8.666E-4
										6.045E+2	8.717E-4
										6.048E+2	8.612E-4
										6.051E+2	8.454E-4
										6.055E+2	8.368E-4
										6.058E+2	8.255E-4
										6.062E+2	8.167E-4
										6.065E+2	7.987E-4
										6.068E+2	7.933E-4
										6.072E+2	7.972E-4
										6.075E+2	7.721E-4
										6.078E+2	7.699E-4
										6.082E+2	7.744E-4
										6.085E+2	7.544E-4
										6.089E+2	7.419E-4
										6.092E+2	7.364E-4
										6.095E+2	7.411E-4
										6.099E+2	7.218E-4
										6.102E+2	7.247E-4
										6.106E+2	7.156E-4
										6.109E+2	7.215E-4
										6.112E+2	7.027E-4
										6.116E+2	6.940E-4
										6.119E+2	6.940E-4
										6.123E+2	6.995E-4
										6.126E+2	6.808E-4
										6.129E+2	6.735E-4
										6.133E+2	6.648E-4
										6.136E+2	6.685E-4
										6.140E+2	6.714E-4
										6.143E+2	6.529E-4
										6.146E+2	6.525E-4
										6.150E+2	6.349E-4
										6.153E+2	6.443E-4
										6.156E+2	6.402E-4
										6.160E+2	6.355E-4
										6.163E+2	6.387E-4
										6.167E+2	6.285E-4
										6.170E+2	5.902E-4
										6.173E+2	5.928E-4
										6.177E+2	6.121E-4
										6.180E+2	5.897E-4
										6.183E+2	5.826E-4
										6.187E+2	5.870E-4
										6.190E+2	5.799E-4
										6.194E+2	5.732E-4
										6.197E+2	5.820E-4
										6.200E+2	5.782E-4
										6.204E+2	5.760E-4
										6.207E+2	5.541E-4
										6.210E+2	5.551E-4
										6.214E+2	5.478E-4
										6.217E+2	5.463E-4
										6.221E+2	5.377E-4
										6.224E+2	5.539E-4
										6.227E+2	5.322E-4
										6.231E+2	5.294E-4
										6.234E+2	5.295E-4
										6.238E+2	5.291E-4
										6.241E+2	5.226E-4
										6.244E+2	5.279E-4
										6.248E+2	5.224E-4
										6.251E+2	5.045E-4
										6.254E+2	4.967E-4
										6.258E+2	4.949E-4
										6.261E+2	4.906E-4
										6.264E+2	4.814E-4
										6.268E+2	4.815E-4
										6.271E+2	4.745E-4
										6.275E+2	4.753E-4
										6.278E+2	4.748E-4
										6.281E+2	4.641E-4
										6.285E+2	4.587E-4
										6.288E+2	4.323E-4
										6.291E+2	4.495E-4
										6.295E+2	4.431E-4
										6.298E+2	4.355E-4
										6.301E+2	4.353E-4
										6.305E+2	4.316E-4
										6.308E+2	4.191E-4
										6.312E+2	4.213E-4
										6.315E+2	4.101E-4
										6.318E+2	4.125E-4
										6.322E+2	4.009E-4
										6.325E+2	3.990E-4
										6.328E+2	4.036E-4
										6.332E+2	3.900E-4
										6.335E+2	3.806E-4
										6.338E+2	3.805E-4
										6.342E+2	3.832E-4
										6.345E+2	3.838E-4
										6.348E+2	3.821E-4
										6.352E+2	3.726E-4
										6.355E+2	3.596E-4
										6.358E+2	3.633E-4
										6.362E+2	3.478E-4
										6.365E+2	3.519E-4
										6.369E+2	3.459E-4
										6.372E+2	3.493E-4
										6.375E+2	3.401E-4
										6.379E+2	3.447E-4
										6.382E+2	3.384E-4
										6.385E+2	3.282E-4
										6.389E+2	3.359E-4
										6.392E+2	3.241E-4
										6.395E+2	3.133E-4
										6.399E+2	3.115E-4
										6.402E+2	3.143E-4
										6.405E+2	3.128E-4
										6.409E+2	3.082E-4
										6.412E+2	2.961E-4
										6.415E+2	3.006E-4
										6.419E+2	2.927E-4
										6.422E+2	2.951E-4
										6.425E+2	2.906E-4
										6.429E+2	2.788E-4
										6.432E+2	2.855E-4
										6.436E+2	2.678E-4
										6.439E+2	2.881E-4
										6.442E+2	2.723E-4
										6.446E+2	2.694E-4
										6.449E+2	2.618E-4
										6.452E+2	2.635E-4
										6.456E+2	2.578E-4
										6.459E+2	2.645E-4
										6.462E+2	2.590E-4
										6.466E+2	2.554E-4
										6.469E+2	2.539E-4
										6.472E+2	2.590E-4
										6.476E+2	2.516E-4
										6.479E+2	2.390E-4
										6.482E+2	2.410E-4
										6.486E+2	2.389E-4
										6.489E+2	2.381E-4
										6.492E+2	2.376E-4
										6.496E+2	2.285E-4
										6.499E+2	2.325E-4
										6.502E+2	2.285E-4
										6.506E+2	2.180E-4
										6.509E+2	2.262E-4
										6.512E+2	2.203E-4
										6.516E+2	2.077E-4
										6.519E+2	2.116E-4
										6.522E+2	2.165E-4
										6.526E+2	2.048E-4
										6.529E+2	2.128E-4
										6.532E+2	1.967E-4
										6.536E+2	2.048E-4
										6.539E+2	2.061E-4
										6.542E+2	1.979E-4
										6.546E+2	1.970E-4
										6.549E+2	1.902E-4
										6.552E+2	1.897E-4
										6.556E+2	1.979E-4
										6.559E+2	1.839E-4
										6.562E+2	1.881E-4
										6.566E+2	1.882E-4
										6.569E+2	1.770E-4
										6.572E+2	1.809E-4
										6.576E+2	1.851E-4
										6.579E+2	1.772E-4
										6.582E+2	1.773E-4
										6.586E+2	1.744E-4
										6.589E+2	1.735E-4
										6.592E+2	1.718E-4
										6.596E+2	1.696E-4
										6.599E+2	1.727E-4
										6.602E+2	1.703E-4
										6.605E+2	1.778E-4
										6.609E+2	1.554E-4
										6.612E+2	1.554E-4
										6.615E+2	1.484E-4
										6.619E+2	1.610E-4
										6.622E+2	1.572E-4
										6.625E+2	1.618E-4
										6.629E+2	1.554E-4
										6.632E+2	1.405E-4
										6.635E+2	1.513E-4
										6.639E+2	1.568E-4
										6.642E+2	1.472E-4
										6.645E+2	1.489E-4
										6.649E+2	1.526E-4
										6.652E+2	1.425E-4
										6.655E+2	1.390E-4
										6.659E+2	1.505E-4
										6.662E+2	1.310E-4
										6.665E+2	1.410E-4
										6.668E+2	1.368E-4
										6.672E+2	1.292E-4
										6.675E+2	1.373E-4
										6.678E+2	1.256E-4
										6.682E+2	1.326E-4
										6.685E+2	1.264E-4
										6.688E+2	1.282E-4
										6.692E+2	1.215E-4
										6.695E+2	1.235E-4
										6.698E+2	1.216E-4
										6.702E+2	1.171E-4
										6.705E+2	1.191E-4
										6.708E+2	1.271E-4
										6.712E+2	1.136E-4
										6.715E+2	1.142E-4
										6.718E+2	1.209E-4
										6.722E+2	1.133E-4
										6.725E+2	1.125E-4
										6.728E+2	1.039E-4
										6.731E+2	1.069E-4
										6.735E+2	1.134E-4
										6.738E+2	1.119E-4
										6.741E+2	1.043E-4
										6.745E+2	1.097E-4
										6.748E+2	1.025E-4
										6.751E+2	1.045E-4
										6.755E+2	1.077E-4
										6.758E+2	9.985E-5
										6.761E+2	1.040E-4
										6.764E+2	9.389E-5
										6.768E+2	9.612E-5
										6.771E+2	9.270E-5
										6.774E+2	9.448E-5
										6.778E+2	9.121E-5
										6.781E+2	9.210E-5
										6.784E+2	9.761E-5
										6.788E+2	9.225E-5
										6.791E+2	9.255E-5
										6.794E+2	9.225E-5
										6.797E+2	9.210E-5
										6.801E+2	8.778E-5
										6.804E+2	8.450E-5
										6.807E+2	8.152E-5
										6.810E+2	8.346E-5
										6.814E+2	8.837E-5
										6.817E+2	8.659E-5
										6.820E+2	8.614E-5
										6.824E+2	8.033E-5
										6.827E+2	8.420E-5
										6.830E+2	8.167E-5
										6.834E+2	8.182E-5
										6.837E+2	8.569E-5
										6.840E+2	7.407E-5
										6.843E+2	8.480E-5
										6.847E+2	7.988E-5
										6.850E+2	7.794E-5
										6.853E+2	7.362E-5
										6.857E+2	7.571E-5
										6.860E+2	7.705E-5
										6.863E+2	7.362E-5
										6.866E+2	6.542E-5
										6.870E+2	7.019E-5
										6.873E+2	7.466E-5
										6.876E+2	6.229E-5
										6.880E+2	6.438E-5
										6.883E+2	6.721E-5
										6.886E+2	6.483E-5
										6.889E+2	7.347E-5
										6.893E+2	6.557E-5
										6.896E+2	6.274E-5
										6.899E+2	6.721E-5
										6.902E+2	6.393E-5
										6.906E+2	5.857E-5
										6.909E+2	5.887E-5
										6.912E+2	6.200E-5
										6.916E+2	6.542E-5
										6.919E+2	6.125E-5
										6.922E+2	6.393E-5
										6.925E+2	5.633E-5
										6.929E+2	6.229E-5
										6.932E+2	5.007E-5
										6.935E+2	5.708E-5
										6.939E+2	6.334E-5
										6.942E+2	5.350E-5
										6.945E+2	4.978E-5
										6.948E+2	6.289E-5
										6.952E+2	6.095E-5
										6.955E+2	4.486E-5
										6.958E+2	5.261E-5
										6.962E+2	5.127E-5
										6.965E+2	6.185E-5
										6.968E+2	6.379E-5
										6.971E+2	4.784E-5
										6.975E+2	5.335E-5
										6.978E+2	5.440E-5
										6.981E+2	4.858E-5
										6.984E+2	4.858E-5
										6.988E+2	4.918E-5
										6.991E+2	5.022E-5
										6.994E+2	4.575E-5
										6.997E+2	5.007E-5
										7.001E+2	4.545E-5
										7.004E+2	5.499E-5
										7.007E+2	4.486E-5
										7.010E+2	3.890E-5
										7.014E+2	4.918E-5
										7.017E+2	4.471E-5
										7.020E+2	4.322E-5
										7.024E+2	4.918E-5
										7.027E+2	4.456E-5
										7.030E+2	4.426E-5
										7.033E+2	4.381E-5
										7.037E+2	4.054E-5
										7.040E+2	4.158E-5
										7.043E+2	3.905E-5
										7.046E+2	4.471E-5
										7.050E+2	3.711E-5
										7.053E+2	4.024E-5
										7.056E+2	3.621E-5
										7.059E+2	4.352E-5
										7.063E+2	3.472E-5
										7.066E+2	4.173E-5
										7.069E+2	3.949E-5
										7.072E+2	4.039E-5
										7.076E+2	3.010E-5
										7.079E+2	3.919E-5
										7.082E+2	4.069E-5
										7.085E+2	3.398E-5
										7.089E+2	3.621E-5
										7.092E+2	3.666E-5
										7.095E+2	3.681E-5
										7.098E+2	3.741E-5
										7.102E+2	3.383E-5
										7.105E+2	3.756E-5
										7.108E+2	3.785E-5
										7.112E+2	3.532E-5
										7.115E+2	3.547E-5
										7.118E+2	3.204E-5
										7.121E+2	2.638E-5
										7.124E+2	2.772E-5
										7.128E+2	2.697E-5
										7.131E+2	2.981E-5
										7.134E+2	3.368E-5
										7.137E+2	3.234E-5
										7.141E+2	2.668E-5
										7.144E+2	2.668E-5
										7.147E+2	2.817E-5
										7.150E+2	3.323E-5
										7.154E+2	2.459E-5
										7.157E+2	2.697E-5
										7.160E+2	2.981E-5
										7.163E+2	2.757E-5
										7.167E+2	2.727E-5
										7.170E+2	2.906E-5
										7.173E+2	2.742E-5
										7.176E+2	2.325E-5
										7.180E+2	2.265E-5
										7.183E+2	2.548E-5
										7.186E+2	2.489E-5
										7.189E+2	2.265E-5
										7.192E+2	2.399E-5
										7.196E+2	2.608E-5
										7.199E+2	2.250E-5
										7.202E+2	2.206E-5
										7.205E+2	2.042E-5
										7.209E+2	2.563E-5
										7.212E+2	2.012E-5
										7.215E+2	1.699E-5
										7.218E+2	1.848E-5
										7.222E+2	2.355E-5
										7.225E+2	1.669E-5
										7.228E+2	2.429E-5
										7.231E+2	2.042E-5
										7.235E+2	2.548E-5
										7.238E+2	2.772E-5
										7.241E+2	1.699E-5
										7.244E+2	2.206E-5
										7.248E+2	2.131E-5
										7.251E+2	1.431E-5
										7.254E+2	1.744E-5
										7.257E+2	2.116E-5
										7.260E+2	2.519E-5
										7.264E+2	1.610E-5
										7.267E+2	2.384E-5
										7.270E+2	1.475E-5
										7.273E+2	1.639E-5
										7.277E+2	1.624E-5
										7.280E+2	2.444E-5
										7.283E+2	2.325E-5
										7.286E+2	1.550E-5
										7.289E+2	1.848E-5
										7.293E+2	2.057E-5
										7.296E+2	1.759E-5
										7.299E+2	1.490E-5
										7.302E+2	1.699E-5
										7.305E+2	1.654E-5
										7.309E+2	2.504E-5
										7.312E+2	1.818E-5
										7.315E+2	1.356E-5
										7.318E+2	2.012E-5
										7.322E+2	1.833E-5
										7.325E+2	1.684E-5
										7.328E+2	1.460E-5
										7.331E+2	1.803E-5
										7.335E+2	2.012E-5
										7.338E+2	1.937E-5
										7.341E+2	1.386E-5
										7.344E+2	1.311E-5
										7.347E+2	1.252E-5
										7.351E+2	1.356E-5
										7.354E+2	1.162E-5
										7.357E+2	1.610E-5
										7.360E+2	1.729E-5
										7.363E+2	8.495E-6
										7.367E+2	1.446E-5
										7.370E+2	1.729E-5
										7.373E+2	1.535E-5
										7.376E+2	1.654E-5
										7.380E+2	1.222E-5
										7.383E+2	1.714E-5
										7.386E+2	1.401E-5
										7.389E+2	1.237E-5
										7.392E+2	1.654E-5
										7.395E+2	1.580E-5
										7.399E+2	9.687E-6
										7.402E+2	1.192E-5
										7.405E+2	8.197E-6
										7.408E+2	1.937E-5
										7.412E+2	1.028E-5
										7.415E+2	1.371E-5
										7.418E+2	8.346E-6
										7.421E+2	1.520E-5
										7.424E+2	1.013E-5
										7.428E+2	1.356E-5
										7.431E+2	5.067E-6
										7.434E+2	9.985E-6
										7.437E+2	3.577E-6
										7.440E+2	1.282E-5
										7.443E+2	1.073E-5
										7.447E+2	9.687E-6
										7.450E+2	5.663E-6
										7.453E+2	7.452E-6
										7.456E+2	1.311E-5
										7.460E+2	9.389E-6
										7.463E+2	9.836E-6
										7.466E+2	8.793E-6
										7.469E+2	8.346E-6
										7.472E+2	7.749E-6
										7.475E+2	7.004E-6
										7.479E+2	1.103E-5
										7.482E+2	1.371E-5
										7.485E+2	1.177E-5
										7.488E+2	1.505E-5
										7.492E+2	1.118E-5
										7.495E+2	3.875E-6
										7.498E+2	6.856E-6
										7.501E+2	3.726E-6
										7.504E+2	7.452E-6
										7.507E+2	8.197E-6
										7.511E+2	7.004E-6
										7.514E+2	1.699E-5
										7.517E+2	7.749E-6
										7.520E+2	9.538E-6
										7.523E+2	6.856E-6
										7.527E+2	1.356E-5
										7.530E+2	8.495E-6
										7.533E+2	2.832E-6
										7.536E+2	1.013E-5
										7.539E+2	1.133E-5
										7.542E+2	3.726E-6
										7.546E+2	6.557E-6
										7.549E+2	1.639E-5
										7.552E+2	7.749E-6
										7.555E+2	4.918E-6
										7.558E+2	5.365E-6
										7.562E+2	3.577E-6
										7.565E+2	5.663E-6
										7.568E+2	3.726E-6
										7.571E+2	1.639E-6
										7.574E+2	2.981E-6
										7.578E+2	1.386E-5
										7.581E+2	8.346E-6
										7.584E+2	8.644E-6
										7.587E+2	2.832E-6
										7.590E+2	7.601E-6
										7.593E+2	8.495E-6
										7.597E+2	1.282E-5
										7.600E+2	6.408E-6
										7.603E+2	9.091E-6
										7.606E+2	9.389E-6
										7.609E+2	8.793E-6
										7.612E+2	4.918E-6
										7.616E+2	5.663E-6
										7.619E+2	7.601E-6
										7.622E+2	6.408E-6
										7.625E+2	5.365E-6
										7.628E+2	5.812E-6
										7.631E+2	5.812E-6
										7.635E+2	4.024E-6
										7.638E+2	4.471E-6
										7.641E+2	1.028E-5
										7.644E+2	6.110E-6
										7.647E+2	1.073E-5
										7.650E+2	1.491E-6
										7.654E+2	2.384E-6
										7.657E+2	6.110E-6
										7.660E+2	4.322E-6
										7.663E+2	3.279E-6
										7.666E+2	4.173E-6
										7.669E+2	2.832E-6
										7.673E+2	8.495E-6
										7.676E+2	6.557E-6
										7.679E+2	2.682E-6
										7.682E+2	7.154E-6
										7.685E+2	7.302E-6
										7.688E+2	6.856E-6
										7.692E+2	7.601E-6
										7.695E+2	7.302E-6
										7.698E+2	6.408E-6
										7.701E+2	3.726E-6
										7.704E+2	7.004E-6
										7.707E+2	7.899E-6
										7.710E+2	3.129E-6
										7.714E+2	3.427E-6
										7.717E+2	1.491E-6
										7.720E+2	4.173E-6
										7.723E+2	9.091E-6
										7.726E+2	1.487E-7
										7.730E+2	4.471E-6
										7.733E+2	2.682E-6
										7.736E+2	1.043E-6
										7.739E+2	7.004E-6
										7.742E+2	1.937E-6
										7.745E+2	2.832E-6
										7.748E+2	9.687E-6
										7.752E+2	7.004E-6
										7.755E+2	6.408E-6
										7.758E+2	3.279E-6
										7.761E+2	8.644E-6
										7.764E+2	1.103E-5
										7.767E+2	1.073E-5
										7.770E+2	0.000E+0
										7.774E+2	5.067E-6
										7.777E+2	5.663E-6
										7.780E+2	2.384E-6
										7.783E+2	1.118E-5
										7.786E+2	4.471E-6
										7.789E+2	1.639E-6
										7.792E+2	2.981E-6
										7.796E+2	1.788E-6
										7.799E+2	3.875E-6
										7.802E+2	4.471E-6
										7.805E+2	5.963E-7
										7.808E+2	2.981E-6
										7.811E+2	1.162E-5
