Voltage(V)	Current(A)	PD Current(A)	J (mA/cm2)	L (cd/m2)	Cur Eff (cd/A)	Power Eff (lm/W)	EQE(%)	CIE X	CIE Y	Wav (nm)	Intensity (au)
-4.000E+0	1.259E-4	4.445E-9	3.148E+0	8.498E-1	2.699E-2	-2.119E-2	7.237E-3	2.725E-1	6.619E-1	3.808E+2	6.584E-6
-3.800E+0	1.536E-4	3.842E-9	3.840E+0	7.346E-1	1.913E-2	-1.581E-2	5.129E-3			3.811E+2	7.994E-6
-3.600E+0	1.489E-4	3.908E-9	3.723E+0	7.472E-1	2.007E-2	-1.751E-2	5.381E-3			3.815E+2	2.352E-6
-3.400E+0	1.724E-4	3.977E-9	4.311E+0	7.603E-1	1.764E-2	-1.629E-2	4.729E-3			3.819E+2	3.762E-6
-3.200E+0	1.625E-4	3.869E-9	4.062E+0	7.396E-1	1.821E-2	-1.787E-2	4.882E-3			3.822E+2	8.229E-6
-3.000E+0	1.382E-4	3.921E-9	3.456E+0	7.497E-1	2.169E-2	-2.270E-2	5.816E-3			3.826E+2	7.289E-6
-2.800E+0	1.316E-4	3.937E-9	3.290E+0	7.526E-1	2.287E-2	-2.565E-2	6.133E-3			3.830E+2	2.352E-6
-2.600E+0	1.669E-4	4.064E-9	4.173E+0	7.770E-1	1.862E-2	-2.249E-2	4.992E-3			3.833E+2	2.352E-6
-2.400E+0	1.246E-4	3.884E-9	3.115E+0	7.426E-1	2.384E-2	-3.118E-2	6.391E-3			3.837E+2	2.586E-6
-2.200E+0	1.145E-4	4.063E-9	2.862E+0	7.768E-1	2.714E-2	-3.873E-2	7.276E-3			3.841E+2	2.586E-6
-2.000E+0	9.996E-5	4.328E-9	2.499E+0	8.275E-1	3.312E-2	-5.199E-2	8.879E-3			3.844E+2	3.291E-6
-1.800E+0	8.421E-5	4.366E-9	2.105E+0	8.346E-1	3.964E-2	-6.916E-2	1.063E-2			3.848E+2	2.351E-6
-1.600E+0	7.101E-5	3.898E-9	1.775E+0	7.452E-1	4.198E-2	-8.238E-2	1.125E-2			3.852E+2	2.586E-6
-1.400E+0	5.613E-5	3.914E-9	1.403E+0	7.483E-1	5.333E-2	-1.196E-1	1.430E-2			3.855E+2	1.646E-6
-1.200E+0	4.431E-5	3.903E-9	1.108E+0	7.461E-1	6.735E-2	-1.762E-1	1.806E-2			3.859E+2	0.000E+0
-1.000E+0	3.453E-5	3.936E-9	8.634E-1	7.524E-1	8.715E-2	-2.737E-1	2.337E-2			3.863E+2	2.352E-6
-8.000E-1	2.494E-5	3.938E-9	6.236E-1	7.529E-1	1.207E-1	-4.739E-1	3.237E-2			3.866E+2	7.050E-7
-6.000E-1	1.539E-5	3.941E-9	3.847E-1	7.534E-1	1.958E-1	-1.025E+0	5.251E-2			3.870E+2	7.994E-6
-4.000E-1	9.186E-6	3.847E-9	2.296E-1	7.355E-1	3.203E-1	-2.514E+0	8.587E-2			3.874E+2	6.348E-6
-2.000E-1	3.348E-6	4.327E-9	8.371E-2	8.273E-1	9.883E-1	-1.552E+1	2.650E-1			3.877E+2	4.703E-7
1.277E-15	2.127E-9	4.384E-9	5.318E-5	8.382E-1	1.576E+3	3.876E+18	4.226E+2			3.881E+2	7.994E-6
2.000E-1	2.710E-6	3.527E-9	6.776E-2	6.743E-1	9.952E-1	1.562E+1	2.668E-1			3.885E+2	3.291E-6
4.000E-1	5.887E-6	3.980E-9	1.472E-1	7.609E-1	5.170E-1	4.058E+0	1.386E-1			3.888E+2	4.468E-6
6.000E-1	1.078E-5	3.982E-9	2.694E-1	7.613E-1	2.826E-1	1.479E+0	7.578E-2			3.892E+2	4.468E-6
8.000E-1	1.946E-5	4.879E-9	4.864E-1	9.328E-1	1.918E-1	7.527E-1	5.141E-2			3.895E+2	8.700E-6
1.000E+0	2.758E-5	4.403E-9	6.895E-1	8.419E-1	1.221E-1	3.834E-1	3.274E-2			3.899E+2	5.407E-6
1.200E+0	3.636E-5	3.485E-9	9.091E-1	6.664E-1	7.330E-2	1.918E-1	1.965E-2			3.903E+2	5.643E-6
1.400E+0	4.498E-5	4.356E-9	1.124E+0	8.328E-1	7.406E-2	1.661E-1	1.986E-2			3.906E+2	2.346E-7
1.600E+0	5.318E-5	3.690E-9	1.329E+0	7.055E-1	5.306E-2	1.041E-1	1.423E-2			3.910E+2	1.481E-5
1.800E+0	6.636E-5	4.137E-9	1.659E+0	7.909E-1	4.767E-2	8.316E-2	1.278E-2			3.914E+2	4.937E-6
2.000E+0	8.399E-5	3.609E-9	2.100E+0	6.900E-1	3.286E-2	5.159E-2	8.810E-3			3.917E+2	8.700E-6
2.200E+0	9.801E-5	3.899E-9	2.450E+0	7.454E-1	3.042E-2	4.342E-2	8.156E-3			3.921E+2	2.352E-6
2.400E+0	1.269E-4	3.199E-9	3.173E+0	6.117E-1	1.928E-2	2.523E-2	5.169E-3			3.925E+2	1.175E-6
2.600E+0	1.379E-4	3.380E-9	3.448E+0	6.462E-1	1.874E-2	2.263E-2	5.025E-3			3.928E+2	3.997E-6
2.800E+0	1.549E-4	6.186E-9	3.873E+0	1.183E+0	3.054E-2	3.424E-2	8.187E-3			3.932E+2	1.646E-6
3.000E+0	1.549E-4	2.556E-8	3.872E+0	4.887E+0	1.262E-1	1.321E-1	3.384E-2			3.935E+2	1.175E-6
3.200E+0	1.561E-4	1.021E-7	3.904E+0	1.953E+1	5.002E-1	4.908E-1	1.341E-1			3.939E+2	2.586E-6
3.400E+0	1.416E-4	3.387E-7	3.539E+0	6.475E+1	1.830E+0	1.690E+0	4.905E-1			3.943E+2	3.291E-6
3.600E+0	1.908E-4	9.090E-7	4.771E+0	1.738E+2	3.643E+0	3.177E+0	9.766E-1			3.946E+2	0.000E+0
3.800E+0	1.594E-4	2.186E-6	3.984E+0	4.179E+2	1.049E+1	8.668E+0	2.812E+0			3.950E+2	1.270E-5
4.000E+0	1.880E-4	4.393E-6	4.700E+0	8.399E+2	1.787E+1	1.403E+1	4.792E+0			3.954E+2	9.407E-7
4.200E+0	2.889E-4	7.635E-6	7.222E+0	1.460E+3	2.021E+1	1.511E+1	5.419E+0			3.957E+2	9.407E-7
4.400E+0	3.881E-4	1.219E-5	9.701E+0	2.330E+3	2.402E+1	1.714E+1	6.439E+0			3.961E+2	6.818E-6
4.600E+0	5.093E-4	1.804E-5	1.273E+1	3.450E+3	2.709E+1	1.850E+1	7.264E+0			3.965E+2	2.351E-6
4.800E+0	6.836E-4	2.507E-5	1.709E+1	4.793E+3	2.805E+1	1.835E+1	7.519E+0			3.968E+2	9.407E-7
5.000E+0	9.150E-4	3.303E-5	2.288E+1	6.314E+3	2.760E+1	1.733E+1	7.401E+0			3.972E+2	4.702E-6
5.200E+0	1.182E-3	4.178E-5	2.955E+1	7.988E+3	2.703E+1	1.632E+1	7.246E+0			3.975E+2	2.116E-6
5.400E+0	1.525E-3	5.106E-5	3.814E+1	9.762E+3	2.560E+1	1.488E+1	6.863E+0			3.979E+2	1.175E-6
5.600E+0	1.902E-3	6.093E-5	4.755E+1	1.165E+4	2.450E+1	1.374E+1	6.568E+0			3.983E+2	4.703E-7
5.800E+0	2.316E-3	7.110E-5	5.790E+1	1.359E+4	2.348E+1	1.271E+1	6.295E+0			3.986E+2	9.170E-6
6.000E+0	2.787E-3	8.178E-5	6.966E+1	1.564E+4	2.245E+1	1.175E+1	6.018E+0			3.990E+2	4.703E-7
6.200E+0	3.271E-3	9.287E-5	8.177E+1	1.776E+4	2.171E+1	1.100E+1	5.822E+0			3.994E+2	9.407E-7
6.400E+0	3.825E-3	1.037E-4	9.563E+1	1.982E+4	2.072E+1	1.017E+1	5.556E+0			3.997E+2	1.646E-6
6.600E+0	4.372E-3	1.155E-4	1.093E+2	2.208E+4	2.020E+1	9.611E+0	5.416E+0			4.001E+2	1.646E-6
6.800E+0	4.968E-3	1.272E-4	1.242E+2	2.431E+4	1.958E+1	9.039E+0	5.249E+0			4.005E+2	6.113E-6
7.000E+0	5.570E-3	1.394E-4	1.393E+2	2.665E+4	1.914E+1	8.584E+0	5.131E+0			4.008E+2	3.997E-6
7.200E+0	6.201E-3	1.521E-4	1.550E+2	2.908E+4	1.876E+1	8.180E+0	5.029E+0			4.012E+2	7.050E-7
7.400E+0	6.900E-3	1.645E-4	1.725E+2	3.145E+4	1.823E+1	7.737E+0	4.889E+0			4.015E+2	2.586E-6
7.600E+0	7.634E-3	1.770E-4	1.908E+2	3.384E+4	1.773E+1	7.326E+0	4.754E+0			4.019E+2	7.054E-6
7.800E+0	8.393E-3	1.897E-4	2.098E+2	3.626E+4	1.728E+1	6.957E+0	4.633E+0			4.023E+2	2.586E-6
8.000E+0	9.228E-3	2.017E-4	2.307E+2	3.857E+4	1.672E+1	6.562E+0	4.482E+0			4.026E+2	1.881E-6
8.200E+0	1.008E-2	2.145E-4	2.521E+2	4.101E+4	1.627E+1	6.230E+0	4.362E+0			4.030E+2	1.175E-6
8.400E+0	1.091E-2	2.275E-4	2.728E+2	4.350E+4	1.595E+1	5.961E+0	4.275E+0			4.034E+2	3.291E-6
8.600E+0	1.176E-2	2.405E-4	2.940E+2	4.597E+4	1.563E+1	5.709E+0	4.192E+0			4.037E+2	2.821E-6
8.800E+0	1.268E-2	2.536E-4	3.170E+2	4.848E+4	1.530E+1	5.458E+0	4.101E+0			4.041E+2	7.053E-6
9.000E+0	1.363E-2	2.665E-4	3.408E+2	5.095E+4	1.495E+1	5.216E+0	4.008E+0			4.045E+2	4.232E-6
9.200E+0	1.460E-2	2.793E-4	3.650E+2	5.339E+4	1.463E+1	4.993E+0	3.922E+0			4.048E+2	4.937E-6
9.400E+0	1.559E-2	2.920E-4	3.898E+2	5.582E+4	1.432E+1	4.783E+0	3.839E+0			4.052E+2	6.113E-6
9.600E+0	1.661E-2	3.045E-4	4.152E+2	5.822E+4	1.402E+1	4.587E+0	3.760E+0			4.055E+2	1.129E-5
9.800E+0	1.765E-2	3.170E-4	4.413E+2	6.061E+4	1.374E+1	4.401E+0	3.683E+0			4.059E+2	4.232E-6
1.000E+1	1.869E-2	3.291E-4	4.672E+2	6.292E+4	1.347E+1	4.229E+0	3.611E+0			4.063E+2	2.346E-7
										4.066E+2	1.881E-6
										4.070E+2	9.170E-6
										4.074E+2	3.057E-6
										4.077E+2	1.881E-6
										4.081E+2	1.270E-5
										4.084E+2	8.700E-6
										4.088E+2	1.175E-6
										4.092E+2	6.584E-6
										4.095E+2	1.035E-5
										4.099E+2	6.348E-6
										4.102E+2	2.352E-6
										4.106E+2	2.821E-6
										4.110E+2	5.173E-6
										4.113E+2	3.762E-6
										4.117E+2	1.175E-6
										4.121E+2	1.035E-5
										4.124E+2	5.643E-6
										4.128E+2	2.346E-7
										4.131E+2	4.703E-7
										4.135E+2	6.818E-6
										4.139E+2	5.173E-6
										4.142E+2	3.527E-6
										4.146E+2	5.407E-6
										4.150E+2	6.818E-6
										4.153E+2	4.468E-6
										4.157E+2	1.175E-6
										4.160E+2	2.346E-7
										4.164E+2	7.050E-7
										4.168E+2	9.405E-6
										4.171E+2	7.289E-6
										4.175E+2	3.057E-6
										4.178E+2	3.762E-6
										4.182E+2	1.387E-5
										4.186E+2	2.352E-6
										4.189E+2	3.762E-6
										4.193E+2	5.878E-6
										4.196E+2	4.232E-6
										4.200E+2	5.407E-6
										4.204E+2	6.113E-6
										4.207E+2	2.346E-7
										4.211E+2	1.152E-5
										4.215E+2	3.527E-6
										4.218E+2	6.584E-6
										4.222E+2	1.011E-5
										4.225E+2	5.407E-6
										4.229E+2	8.464E-6
										4.233E+2	2.352E-6
										4.236E+2	4.702E-6
										4.240E+2	4.703E-7
										4.243E+2	4.702E-6
										4.247E+2	3.057E-6
										4.251E+2	6.348E-6
										4.254E+2	2.586E-6
										4.258E+2	6.113E-6
										4.261E+2	2.346E-7
										4.265E+2	6.584E-6
										4.269E+2	7.053E-6
										4.272E+2	2.346E-7
										4.276E+2	5.643E-6
										4.280E+2	1.881E-6
										4.283E+2	1.646E-6
										4.287E+2	2.116E-6
										4.290E+2	6.584E-6
										4.294E+2	1.881E-6
										4.298E+2	3.291E-6
										4.301E+2	2.116E-6
										4.305E+2	5.407E-6
										4.308E+2	7.050E-7
										4.312E+2	3.762E-6
										4.315E+2	5.643E-6
										4.319E+2	1.552E-5
										4.323E+2	1.646E-6
										4.326E+2	4.702E-6
										4.330E+2	7.523E-6
										4.334E+2	0.000E+0
										4.337E+2	2.586E-6
										4.341E+2	3.527E-6
										4.344E+2	3.762E-6
										4.348E+2	2.346E-7
										4.351E+2	3.527E-6
										4.355E+2	3.291E-6
										4.359E+2	3.057E-6
										4.362E+2	1.646E-6
										4.366E+2	5.878E-6
										4.370E+2	4.232E-6
										4.373E+2	4.468E-6
										4.377E+2	4.702E-6
										4.380E+2	1.129E-5
										4.384E+2	5.878E-6
										4.387E+2	3.997E-6
										4.391E+2	5.173E-6
										4.395E+2	7.289E-6
										4.398E+2	6.818E-6
										4.402E+2	3.527E-6
										4.405E+2	9.875E-6
										4.409E+2	3.057E-6
										4.412E+2	7.289E-6
										4.416E+2	4.232E-6
										4.420E+2	4.703E-7
										4.423E+2	3.762E-6
										4.427E+2	1.246E-5
										4.430E+2	6.348E-6
										4.434E+2	1.411E-6
										4.438E+2	6.584E-6
										4.441E+2	5.643E-6
										4.445E+2	7.523E-6
										4.448E+2	2.821E-6
										4.452E+2	5.643E-6
										4.456E+2	9.875E-6
										4.459E+2	8.700E-6
										4.463E+2	3.997E-6
										4.466E+2	9.639E-6
										4.470E+2	7.054E-6
										4.474E+2	4.703E-7
										4.477E+2	1.411E-6
										4.481E+2	2.352E-6
										4.484E+2	9.875E-6
										4.488E+2	7.523E-6
										4.491E+2	3.057E-6
										4.495E+2	2.821E-6
										4.499E+2	6.113E-6
										4.502E+2	6.818E-6
										4.506E+2	1.411E-6
										4.509E+2	5.878E-6
										4.513E+2	6.348E-6
										4.516E+2	2.346E-7
										4.520E+2	3.527E-6
										4.524E+2	5.878E-6
										4.527E+2	2.586E-6
										4.531E+2	2.116E-6
										4.534E+2	4.702E-6
										4.538E+2	9.405E-6
										4.541E+2	2.821E-6
										4.545E+2	1.105E-5
										4.549E+2	1.199E-5
										4.552E+2	1.481E-5
										4.556E+2	7.053E-6
										4.559E+2	3.527E-6
										4.563E+2	6.113E-6
										4.566E+2	4.468E-6
										4.570E+2	1.176E-5
										4.574E+2	4.702E-6
										4.577E+2	1.646E-6
										4.581E+2	6.348E-6
										4.584E+2	9.639E-6
										4.588E+2	3.527E-6
										4.591E+2	7.994E-6
										4.595E+2	7.523E-6
										4.599E+2	1.199E-5
										4.602E+2	4.703E-7
										4.606E+2	1.881E-6
										4.609E+2	1.199E-5
										4.613E+2	1.246E-5
										4.616E+2	1.129E-5
										4.620E+2	1.293E-5
										4.624E+2	8.229E-6
										4.627E+2	3.291E-6
										4.631E+2	4.468E-6
										4.634E+2	5.878E-6
										4.638E+2	8.934E-6
										4.641E+2	7.054E-6
										4.645E+2	2.352E-6
										4.649E+2	1.058E-5
										4.652E+2	6.113E-6
										4.656E+2	9.405E-6
										4.659E+2	2.116E-5
										4.663E+2	1.058E-5
										4.666E+2	8.229E-6
										4.670E+2	8.700E-6
										4.674E+2	5.407E-6
										4.677E+2	3.997E-6
										4.681E+2	7.759E-6
										4.684E+2	1.223E-5
										4.688E+2	1.246E-5
										4.691E+2	2.069E-5
										4.695E+2	7.994E-6
										4.698E+2	7.994E-6
										4.702E+2	1.552E-5
										4.705E+2	2.727E-5
										4.709E+2	1.881E-5
										4.713E+2	2.022E-5
										4.716E+2	2.422E-5
										4.720E+2	1.951E-5
										4.723E+2	2.727E-5
										4.727E+2	2.868E-5
										4.730E+2	2.304E-5
										4.734E+2	2.986E-5
										4.738E+2	3.339E-5
										4.741E+2	2.469E-5
										4.745E+2	2.845E-5
										4.748E+2	3.339E-5
										4.752E+2	3.785E-5
										4.755E+2	3.056E-5
										4.759E+2	4.608E-5
										4.762E+2	5.125E-5
										4.766E+2	4.702E-5
										4.770E+2	6.254E-5
										4.773E+2	5.431E-5
										4.777E+2	5.878E-5
										4.780E+2	5.831E-5
										4.784E+2	6.630E-5
										4.787E+2	7.265E-5
										4.791E+2	8.135E-5
										4.794E+2	8.723E-5
										4.798E+2	8.770E-5
										4.801E+2	8.229E-5
										4.805E+2	9.522E-5
										4.809E+2	1.032E-4
										4.812E+2	1.089E-4
										4.816E+2	1.176E-4
										4.819E+2	1.237E-4
										4.823E+2	1.310E-4
										4.826E+2	1.545E-4
										4.830E+2	1.561E-4
										4.833E+2	1.641E-4
										4.837E+2	1.596E-4
										4.840E+2	1.787E-4
										4.844E+2	1.944E-4
										4.848E+2	2.093E-4
										4.851E+2	2.297E-4
										4.855E+2	2.417E-4
										4.858E+2	2.473E-4
										4.862E+2	2.617E-4
										4.865E+2	2.788E-4
										4.869E+2	2.901E-4
										4.872E+2	3.127E-4
										4.876E+2	3.390E-4
										4.879E+2	3.647E-4
										4.883E+2	3.602E-4
										4.886E+2	3.936E-4
										4.890E+2	4.284E-4
										4.894E+2	4.730E-4
										4.897E+2	4.952E-4
										4.901E+2	5.083E-4
										4.904E+2	5.318E-4
										4.908E+2	5.951E-4
										4.911E+2	6.162E-4
										4.915E+2	6.571E-4
										4.918E+2	6.912E-4
										4.922E+2	7.329E-4
										4.925E+2	7.582E-4
										4.929E+2	7.963E-4
										4.932E+2	8.673E-4
										4.936E+2	9.202E-4
										4.939E+2	9.790E-4
										4.943E+2	1.025E-3
										4.946E+2	1.090E-3
										4.950E+2	1.154E-3
										4.954E+2	1.202E-3
										4.957E+2	1.271E-3
										4.961E+2	1.334E-3
										4.964E+2	1.383E-3
										4.968E+2	1.469E-3
										4.971E+2	1.506E-3
										4.975E+2	1.608E-3
										4.978E+2	1.651E-3
										4.982E+2	1.738E-3
										4.985E+2	1.852E-3
										4.989E+2	1.899E-3
										4.992E+2	1.978E-3
										4.996E+2	2.077E-3
										4.999E+2	2.159E-3
										5.003E+2	2.235E-3
										5.006E+2	2.338E-3
										5.010E+2	2.411E-3
										5.014E+2	2.473E-3
										5.017E+2	2.593E-3
										5.020E+2	2.734E-3
										5.024E+2	2.808E-3
										5.028E+2	2.895E-3
										5.031E+2	2.957E-3
										5.035E+2	3.040E-3
										5.038E+2	3.152E-3
										5.042E+2	3.282E-3
										5.045E+2	3.332E-3
										5.049E+2	3.466E-3
										5.052E+2	3.498E-3
										5.056E+2	3.605E-3
										5.059E+2	3.735E-3
										5.063E+2	3.819E-3
										5.066E+2	3.888E-3
										5.070E+2	4.026E-3
										5.073E+2	4.109E-3
										5.077E+2	4.249E-3
										5.080E+2	4.261E-3
										5.084E+2	4.398E-3
										5.087E+2	4.447E-3
										5.091E+2	4.504E-3
										5.094E+2	4.607E-3
										5.098E+2	4.715E-3
										5.101E+2	4.803E-3
										5.105E+2	4.909E-3
										5.108E+2	4.933E-3
										5.112E+2	5.017E-3
										5.115E+2	5.058E-3
										5.119E+2	5.158E-3
										5.122E+2	5.187E-3
										5.126E+2	5.247E-3
										5.130E+2	5.307E-3
										5.133E+2	5.341E-3
										5.137E+2	5.347E-3
										5.140E+2	5.476E-3
										5.143E+2	5.489E-3
										5.147E+2	5.492E-3
										5.151E+2	5.538E-3
										5.154E+2	5.552E-3
										5.158E+2	5.691E-3
										5.161E+2	5.621E-3
										5.165E+2	5.669E-3
										5.168E+2	5.687E-3
										5.172E+2	5.698E-3
										5.175E+2	5.735E-3
										5.179E+2	5.758E-3
										5.182E+2	5.728E-3
										5.186E+2	5.777E-3
										5.189E+2	5.802E-3
										5.193E+2	5.758E-3
										5.196E+2	5.785E-3
										5.200E+2	5.769E-3
										5.203E+2	5.747E-3
										5.207E+2	5.801E-3
										5.210E+2	5.798E-3
										5.214E+2	5.785E-3
										5.217E+2	5.759E-3
										5.221E+2	5.750E-3
										5.224E+2	5.760E-3
										5.228E+2	5.733E-3
										5.231E+2	5.718E-3
										5.235E+2	5.697E-3
										5.238E+2	5.657E-3
										5.242E+2	5.671E-3
										5.245E+2	5.629E-3
										5.249E+2	5.636E-3
										5.252E+2	5.603E-3
										5.256E+2	5.597E-3
										5.259E+2	5.537E-3
										5.262E+2	5.519E-3
										5.266E+2	5.463E-3
										5.270E+2	5.502E-3
										5.273E+2	5.440E-3
										5.277E+2	5.408E-3
										5.280E+2	5.354E-3
										5.283E+2	5.323E-3
										5.287E+2	5.294E-3
										5.290E+2	5.265E-3
										5.294E+2	5.270E-3
										5.298E+2	5.250E-3
										5.301E+2	5.151E-3
										5.304E+2	5.100E-3
										5.308E+2	5.092E-3
										5.311E+2	5.012E-3
										5.315E+2	5.020E-3
										5.318E+2	4.944E-3
										5.322E+2	4.926E-3
										5.325E+2	4.878E-3
										5.329E+2	4.809E-3
										5.332E+2	4.781E-3
										5.336E+2	4.772E-3
										5.339E+2	4.687E-3
										5.343E+2	4.704E-3
										5.346E+2	4.654E-3
										5.350E+2	4.587E-3
										5.353E+2	4.574E-3
										5.357E+2	4.517E-3
										5.360E+2	4.543E-3
										5.364E+2	4.494E-3
										5.367E+2	4.416E-3
										5.371E+2	4.313E-3
										5.374E+2	4.324E-3
										5.378E+2	4.324E-3
										5.381E+2	4.239E-3
										5.385E+2	4.237E-3
										5.388E+2	4.151E-3
										5.392E+2	4.190E-3
										5.395E+2	4.120E-3
										5.398E+2	4.104E-3
										5.402E+2	4.071E-3
										5.405E+2	4.014E-3
										5.409E+2	4.014E-3
										5.412E+2	3.944E-3
										5.416E+2	3.955E-3
										5.419E+2	3.922E-3
										5.423E+2	3.814E-3
										5.426E+2	3.841E-3
										5.430E+2	3.815E-3
										5.433E+2	3.793E-3
										5.437E+2	3.834E-3
										5.440E+2	3.758E-3
										5.444E+2	3.698E-3
										5.447E+2	3.712E-3
										5.451E+2	3.659E-3
										5.454E+2	3.680E-3
										5.458E+2	3.650E-3
										5.461E+2	3.601E-3
										5.464E+2	3.575E-3
										5.468E+2	3.537E-3
										5.471E+2	3.530E-3
										5.475E+2	3.474E-3
										5.478E+2	3.495E-3
										5.482E+2	3.457E-3
										5.485E+2	3.372E-3
										5.489E+2	3.416E-3
										5.492E+2	3.348E-3
										5.496E+2	3.329E-3
										5.499E+2	3.305E-3
										5.503E+2	3.329E-3
										5.506E+2	3.284E-3
										5.510E+2	3.224E-3
										5.513E+2	3.194E-3
										5.516E+2	3.262E-3
										5.520E+2	3.194E-3
										5.523E+2	3.188E-3
										5.527E+2	3.112E-3
										5.530E+2	3.111E-3
										5.534E+2	3.118E-3
										5.537E+2	3.063E-3
										5.541E+2	3.025E-3
										5.544E+2	3.016E-3
										5.548E+2	3.046E-3
										5.551E+2	2.985E-3
										5.555E+2	2.935E-3
										5.558E+2	2.910E-3
										5.561E+2	2.926E-3
										5.565E+2	2.869E-3
										5.568E+2	2.846E-3
										5.572E+2	2.855E-3
										5.575E+2	2.824E-3
										5.579E+2	2.774E-3
										5.582E+2	2.719E-3
										5.586E+2	2.734E-3
										5.589E+2	2.733E-3
										5.592E+2	2.703E-3
										5.596E+2	2.657E-3
										5.599E+2	2.605E-3
										5.603E+2	2.611E-3
										5.606E+2	2.610E-3
										5.610E+2	2.541E-3
										5.613E+2	2.535E-3
										5.617E+2	2.514E-3
										5.620E+2	2.467E-3
										5.624E+2	2.442E-3
										5.627E+2	2.452E-3
										5.630E+2	2.436E-3
										5.634E+2	2.383E-3
										5.637E+2	2.360E-3
										5.641E+2	2.327E-3
										5.644E+2	2.312E-3
										5.648E+2	2.303E-3
										5.651E+2	2.265E-3
										5.655E+2	2.260E-3
										5.658E+2	2.186E-3
										5.662E+2	2.177E-3
										5.665E+2	2.185E-3
										5.668E+2	2.147E-3
										5.672E+2	2.113E-3
										5.675E+2	2.085E-3
										5.679E+2	2.052E-3
										5.682E+2	2.028E-3
										5.686E+2	2.014E-3
										5.689E+2	1.982E-3
										5.692E+2	1.995E-3
										5.696E+2	1.914E-3
										5.699E+2	1.937E-3
										5.703E+2	1.876E-3
										5.706E+2	1.860E-3
										5.710E+2	1.787E-3
										5.713E+2	1.813E-3
										5.717E+2	1.809E-3
										5.720E+2	1.803E-3
										5.723E+2	1.733E-3
										5.727E+2	1.725E-3
										5.730E+2	1.702E-3
										5.734E+2	1.691E-3
										5.737E+2	1.682E-3
										5.741E+2	1.631E-3
										5.744E+2	1.624E-3
										5.748E+2	1.590E-3
										5.751E+2	1.599E-3
										5.754E+2	1.590E-3
										5.758E+2	1.536E-3
										5.761E+2	1.484E-3
										5.765E+2	1.498E-3
										5.768E+2	1.492E-3
										5.772E+2	1.459E-3
										5.775E+2	1.445E-3
										5.778E+2	1.418E-3
										5.782E+2	1.429E-3
										5.785E+2	1.376E-3
										5.789E+2	1.364E-3
										5.792E+2	1.350E-3
										5.795E+2	1.316E-3
										5.799E+2	1.304E-3
										5.802E+2	1.323E-3
										5.806E+2	1.286E-3
										5.809E+2	1.252E-3
										5.813E+2	1.232E-3
										5.816E+2	1.226E-3
										5.820E+2	1.220E-3
										5.823E+2	1.212E-3
										5.826E+2	1.194E-3
										5.830E+2	1.171E-3
										5.833E+2	1.152E-3
										5.837E+2	1.130E-3
										5.840E+2	1.120E-3
										5.843E+2	1.105E-3
										5.847E+2	1.094E-3
										5.850E+2	1.069E-3
										5.854E+2	1.063E-3
										5.857E+2	1.039E-3
										5.861E+2	1.015E-3
										5.864E+2	1.015E-3
										5.867E+2	9.952E-4
										5.871E+2	9.825E-4
										5.874E+2	9.760E-4
										5.878E+2	9.691E-4
										5.881E+2	9.499E-4
										5.885E+2	9.729E-4
										5.888E+2	9.571E-4
										5.891E+2	9.282E-4
										5.895E+2	9.108E-4
										5.898E+2	8.901E-4
										5.902E+2	9.026E-4
										5.905E+2	9.104E-4
										5.908E+2	8.723E-4
										5.912E+2	8.643E-4
										5.915E+2	8.568E-4
										5.919E+2	8.253E-4
										5.922E+2	8.217E-4
										5.925E+2	8.217E-4
										5.929E+2	8.142E-4
										5.932E+2	8.067E-4
										5.936E+2	7.926E-4
										5.939E+2	7.789E-4
										5.942E+2	7.768E-4
										5.946E+2	7.566E-4
										5.949E+2	7.634E-4
										5.953E+2	7.465E-4
										5.956E+2	7.559E-4
										5.960E+2	7.176E-4
										5.963E+2	7.312E-4
										5.966E+2	7.253E-4
										5.970E+2	7.058E-4
										5.973E+2	6.720E-4
										5.977E+2	6.879E-4
										5.980E+2	6.713E-4
										5.983E+2	6.778E-4
										5.987E+2	6.694E-4
										5.990E+2	6.642E-4
										5.994E+2	6.513E-4
										5.997E+2	6.261E-4
										6.000E+2	6.397E-4
										6.004E+2	6.238E-4
										6.007E+2	6.388E-4
										6.011E+2	6.214E-4
										6.014E+2	6.019E-4
										6.017E+2	5.880E-4
										6.021E+2	5.753E-4
										6.024E+2	5.840E-4
										6.028E+2	5.821E-4
										6.031E+2	5.560E-4
										6.034E+2	5.490E-4
										6.038E+2	5.612E-4
										6.041E+2	5.551E-4
										6.045E+2	5.455E-4
										6.048E+2	5.441E-4
										6.051E+2	5.335E-4
										6.055E+2	5.125E-4
										6.058E+2	5.090E-4
										6.062E+2	5.165E-4
										6.065E+2	5.062E-4
										6.068E+2	4.761E-4
										6.072E+2	5.060E-4
										6.075E+2	4.810E-4
										6.078E+2	4.723E-4
										6.082E+2	4.634E-4
										6.085E+2	4.613E-4
										6.089E+2	4.587E-4
										6.092E+2	4.460E-4
										6.095E+2	4.566E-4
										6.099E+2	4.467E-4
										6.102E+2	4.465E-4
										6.106E+2	4.274E-4
										6.109E+2	4.303E-4
										6.112E+2	4.279E-4
										6.116E+2	4.060E-4
										6.119E+2	4.065E-4
										6.123E+2	4.253E-4
										6.126E+2	4.082E-4
										6.129E+2	4.042E-4
										6.133E+2	4.046E-4
										6.136E+2	3.919E-4
										6.140E+2	3.945E-4
										6.143E+2	3.903E-4
										6.146E+2	3.701E-4
										6.150E+2	3.783E-4
										6.153E+2	3.720E-4
										6.156E+2	3.757E-4
										6.160E+2	3.604E-4
										6.163E+2	3.668E-4
										6.167E+2	3.560E-4
										6.170E+2	3.529E-4
										6.173E+2	3.529E-4
										6.177E+2	3.404E-4
										6.180E+2	3.407E-4
										6.183E+2	3.346E-4
										6.187E+2	3.393E-4
										6.190E+2	3.296E-4
										6.194E+2	3.219E-4
										6.197E+2	3.216E-4
										6.200E+2	3.165E-4
										6.204E+2	3.068E-4
										6.207E+2	3.162E-4
										6.210E+2	2.993E-4
										6.214E+2	3.089E-4
										6.217E+2	2.965E-4
										6.221E+2	2.969E-4
										6.224E+2	2.972E-4
										6.227E+2	2.885E-4
										6.231E+2	2.958E-4
										6.234E+2	2.831E-4
										6.238E+2	2.791E-4
										6.241E+2	2.890E-4
										6.244E+2	2.781E-4
										6.248E+2	2.685E-4
										6.251E+2	2.687E-4
										6.254E+2	2.727E-4
										6.258E+2	2.570E-4
										6.261E+2	2.666E-4
										6.264E+2	2.415E-4
										6.268E+2	2.560E-4
										6.271E+2	2.433E-4
										6.275E+2	2.396E-4
										6.278E+2	2.323E-4
										6.281E+2	2.363E-4
										6.285E+2	2.335E-4
										6.288E+2	2.255E-4
										6.291E+2	2.349E-4
										6.295E+2	2.370E-4
										6.298E+2	2.264E-4
										6.301E+2	2.154E-4
										6.305E+2	2.125E-4
										6.308E+2	2.180E-4
										6.312E+2	1.989E-4
										6.315E+2	2.036E-4
										6.318E+2	1.991E-4
										6.322E+2	1.893E-4
										6.325E+2	2.024E-4
										6.328E+2	1.897E-4
										6.332E+2	1.869E-4
										6.335E+2	1.895E-4
										6.338E+2	1.909E-4
										6.342E+2	1.726E-4
										6.345E+2	1.879E-4
										6.348E+2	1.780E-4
										6.352E+2	1.709E-4
										6.355E+2	1.796E-4
										6.358E+2	1.756E-4
										6.362E+2	1.608E-4
										6.365E+2	1.615E-4
										6.369E+2	1.681E-4
										6.372E+2	1.613E-4
										6.375E+2	1.625E-4
										6.379E+2	1.669E-4
										6.382E+2	1.514E-4
										6.385E+2	1.542E-4
										6.389E+2	1.566E-4
										6.392E+2	1.564E-4
										6.395E+2	1.582E-4
										6.399E+2	1.484E-4
										6.402E+2	1.373E-4
										6.405E+2	1.387E-4
										6.409E+2	1.397E-4
										6.412E+2	1.394E-4
										6.415E+2	1.484E-4
										6.419E+2	1.303E-4
										6.422E+2	1.380E-4
										6.425E+2	1.220E-4
										6.429E+2	1.230E-4
										6.432E+2	1.317E-4
										6.436E+2	1.239E-4
										6.439E+2	1.333E-4
										6.442E+2	1.244E-4
										6.446E+2	1.260E-4
										6.449E+2	1.114E-4
										6.452E+2	1.107E-4
										6.456E+2	1.197E-4
										6.459E+2	1.152E-4
										6.462E+2	1.126E-4
										6.466E+2	1.124E-4
										6.469E+2	1.201E-4
										6.472E+2	1.169E-4
										6.476E+2	1.058E-4
										6.479E+2	1.039E-4
										6.482E+2	1.089E-4
										6.486E+2	9.922E-5
										6.489E+2	1.114E-4
										6.492E+2	9.804E-5
										6.496E+2	1.176E-4
										6.499E+2	1.006E-4
										6.502E+2	1.098E-4
										6.506E+2	9.334E-5
										6.509E+2	9.851E-5
										6.512E+2	9.428E-5
										6.516E+2	9.263E-5
										6.519E+2	8.276E-5
										6.522E+2	8.864E-5
										6.526E+2	8.746E-5
										6.529E+2	8.793E-5
										6.532E+2	8.817E-5
										6.536E+2	8.347E-5
										6.539E+2	9.969E-5
										6.542E+2	8.300E-5
										6.546E+2	8.135E-5
										6.549E+2	7.359E-5
										6.552E+2	7.853E-5
										6.556E+2	8.064E-5
										6.559E+2	6.936E-5
										6.562E+2	7.406E-5
										6.566E+2	6.630E-5
										6.569E+2	6.607E-5
										6.572E+2	7.618E-5
										6.576E+2	7.759E-5
										6.579E+2	7.312E-5
										6.582E+2	7.829E-5
										6.586E+2	6.583E-5
										6.589E+2	7.006E-5
										6.592E+2	6.677E-5
										6.596E+2	8.158E-5
										6.599E+2	6.372E-5
										6.602E+2	5.572E-5
										6.605E+2	6.701E-5
										6.609E+2	6.466E-5
										6.612E+2	6.019E-5
										6.615E+2	5.831E-5
										6.619E+2	6.348E-5
										6.622E+2	6.090E-5
										6.625E+2	5.737E-5
										6.629E+2	6.066E-5
										6.632E+2	6.019E-5
										6.635E+2	6.254E-5
										6.639E+2	6.113E-5
										6.642E+2	4.679E-5
										6.645E+2	5.502E-5
										6.649E+2	6.325E-5
										6.652E+2	6.090E-5
										6.655E+2	5.925E-5
										6.659E+2	5.925E-5
										6.662E+2	5.760E-5
										6.665E+2	5.737E-5
										6.668E+2	5.220E-5
										6.672E+2	4.373E-5
										6.675E+2	4.914E-5
										6.678E+2	4.773E-5
										6.682E+2	5.948E-5
										6.685E+2	4.585E-5
										6.688E+2	5.337E-5
										6.692E+2	4.538E-5
										6.695E+2	5.102E-5
										6.698E+2	4.984E-5
										6.702E+2	5.549E-5
										6.705E+2	4.702E-5
										6.708E+2	4.796E-5
										6.712E+2	4.702E-5
										6.715E+2	4.420E-5
										6.718E+2	4.303E-5
										6.722E+2	4.561E-5
										6.725E+2	4.138E-5
										6.728E+2	4.138E-5
										6.731E+2	4.020E-5
										6.735E+2	4.538E-5
										6.738E+2	4.303E-5
										6.741E+2	5.455E-5
										6.745E+2	3.997E-5
										6.748E+2	3.738E-5
										6.751E+2	3.785E-5
										6.755E+2	3.456E-5
										6.758E+2	3.362E-5
										6.761E+2	4.373E-5
										6.764E+2	3.010E-5
										6.768E+2	3.292E-5
										6.771E+2	2.821E-5
										6.774E+2	3.480E-5
										6.778E+2	2.633E-5
										6.781E+2	4.020E-5
										6.784E+2	3.480E-5
										6.788E+2	3.574E-5
										6.791E+2	3.644E-5
										6.794E+2	2.445E-5
										6.797E+2	2.845E-5
										6.801E+2	3.339E-5
										6.804E+2	2.892E-5
										6.807E+2	3.668E-5
										6.810E+2	3.245E-5
										6.814E+2	3.245E-5
										6.817E+2	2.986E-5
										6.820E+2	2.116E-5
										6.824E+2	2.492E-5
										6.827E+2	2.915E-5
										6.830E+2	3.268E-5
										6.834E+2	3.621E-5
										6.837E+2	4.091E-5
										6.840E+2	2.045E-5
										6.843E+2	3.221E-5
										6.847E+2	1.975E-5
										6.850E+2	2.422E-5
										6.853E+2	2.563E-5
										6.857E+2	2.375E-5
										6.860E+2	2.469E-5
										6.863E+2	1.740E-5
										6.866E+2	2.375E-5
										6.870E+2	2.586E-5
										6.873E+2	3.574E-5
										6.876E+2	2.610E-5
										6.880E+2	2.210E-5
										6.883E+2	3.056E-5
										6.886E+2	2.304E-5
										6.889E+2	3.174E-5
										6.893E+2	2.140E-5
										6.896E+2	2.116E-5
										6.899E+2	2.915E-5
										6.902E+2	1.246E-5
										6.906E+2	1.881E-5
										6.909E+2	2.633E-5
										6.912E+2	1.223E-5
										6.916E+2	3.056E-5
										6.919E+2	2.798E-5
										6.922E+2	2.610E-5
										6.925E+2	2.680E-5
										6.929E+2	1.223E-5
										6.932E+2	1.317E-5
										6.935E+2	1.481E-5
										6.939E+2	3.174E-5
										6.942E+2	1.411E-5
										6.945E+2	1.246E-5
										6.948E+2	2.539E-5
										6.952E+2	2.821E-5
										6.955E+2	9.639E-6
										6.958E+2	1.669E-5
										6.962E+2	1.669E-5
										6.965E+2	2.069E-5
										6.968E+2	1.998E-5
										6.971E+2	1.599E-5
										6.975E+2	5.407E-6
										6.978E+2	1.458E-5
										6.981E+2	1.599E-5
										6.984E+2	1.223E-5
										6.988E+2	2.187E-5
										6.991E+2	1.693E-5
										6.994E+2	1.364E-5
										6.997E+2	1.599E-5
										7.001E+2	1.199E-5
										7.004E+2	2.868E-5
										7.007E+2	1.881E-6
										7.010E+2	1.411E-5
										7.014E+2	2.093E-5
										7.017E+2	7.289E-6
										7.020E+2	4.232E-6
										7.024E+2	7.994E-6
										7.027E+2	1.082E-5
										7.030E+2	9.875E-6
										7.033E+2	1.458E-5
										7.037E+2	1.881E-5
										7.040E+2	1.552E-5
										7.043E+2	7.053E-6
										7.046E+2	2.492E-5
										7.050E+2	3.762E-6
										7.053E+2	1.481E-5
										7.056E+2	1.434E-5
										7.059E+2	1.693E-5
										7.063E+2	7.053E-6
										7.066E+2	5.643E-6
										7.069E+2	5.173E-6
										7.072E+2	1.528E-5
										7.076E+2	6.584E-6
										7.079E+2	1.904E-5
										7.082E+2	1.998E-5
										7.085E+2	4.232E-6
										7.089E+2	1.881E-5
										7.092E+2	8.934E-6
										7.095E+2	3.997E-6
										7.098E+2	2.586E-6
										7.102E+2	1.505E-5
										7.105E+2	2.140E-5
										7.108E+2	2.281E-5
										7.112E+2	7.054E-6
										7.115E+2	3.057E-6
										7.118E+2	6.584E-6
										7.121E+2	1.881E-6
										7.124E+2	1.575E-5
										7.128E+2	4.232E-6
										7.131E+2	8.229E-6
										7.134E+2	1.693E-5
										7.137E+2	1.011E-5
										7.141E+2	1.646E-6
										7.144E+2	5.878E-6
										7.147E+2	1.505E-5
										7.150E+2	1.011E-5
										7.154E+2	1.011E-5
										7.157E+2	3.527E-6
										7.160E+2	6.584E-6
										7.163E+2	1.857E-5
										7.167E+2	4.937E-6
										7.170E+2	2.116E-6
										7.173E+2	6.818E-6
										7.176E+2	1.011E-5
										7.180E+2	7.289E-6
										7.183E+2	3.762E-6
										7.186E+2	1.293E-5
										7.189E+2	1.176E-5
										7.192E+2	1.458E-5
										7.196E+2	1.481E-5
										7.199E+2	9.405E-6
										7.202E+2	3.527E-6
										7.205E+2	8.700E-6
										7.209E+2	1.317E-5
										7.212E+2	1.105E-5
										7.215E+2	3.527E-6
										7.218E+2	2.586E-6
										7.222E+2	4.702E-6
										7.225E+2	4.703E-7
										7.228E+2	1.881E-6
										7.231E+2	7.523E-6
										7.235E+2	3.762E-6
										7.238E+2	9.170E-6
										7.241E+2	1.175E-6
										7.244E+2	5.878E-6
										7.248E+2	1.011E-5
										7.251E+2	7.759E-6
										7.254E+2	4.937E-6
										7.257E+2	4.703E-7
										7.260E+2	1.575E-5
										7.264E+2	1.411E-6
										7.267E+2	1.129E-5
										7.270E+2	7.289E-6
										7.273E+2	4.703E-7
										7.277E+2	9.170E-6
										7.280E+2	8.229E-6
										7.283E+2	1.152E-5
										7.286E+2	1.881E-6
										7.289E+2	3.997E-6
										7.293E+2	1.058E-5
										7.296E+2	1.082E-5
										7.299E+2	8.934E-6
										7.302E+2	4.937E-6
										7.305E+2	4.702E-6
										7.309E+2	1.434E-5
										7.312E+2	1.881E-6
										7.315E+2	3.762E-6
										7.318E+2	5.643E-6
										7.322E+2	1.129E-5
										7.325E+2	4.703E-7
										7.328E+2	2.352E-6
										7.331E+2	1.881E-6
										7.335E+2	1.270E-5
										7.338E+2	2.352E-6
										7.341E+2	3.057E-6
										7.344E+2	3.057E-6
										7.347E+2	4.702E-6
										7.351E+2	9.170E-6
										7.354E+2	5.407E-6
										7.357E+2	7.523E-6
										7.360E+2	3.997E-6
										7.363E+2	2.821E-6
										7.367E+2	2.346E-7
										7.370E+2	1.175E-6
										7.373E+2	3.527E-6
										7.376E+2	1.881E-6
										7.380E+2	1.411E-6
										7.383E+2	0.000E+0
										7.386E+2	2.116E-6
										7.389E+2	2.346E-7
										7.392E+2	7.759E-6
										7.395E+2	5.878E-6
										7.399E+2	4.468E-6
										7.402E+2	1.881E-6
										7.405E+2	4.232E-6
										7.408E+2	1.035E-5
										7.412E+2	9.407E-7
										7.415E+2	9.407E-7
										7.418E+2	1.881E-6
										7.421E+2	6.818E-6
										7.424E+2	2.586E-6
										7.428E+2	3.057E-6
										7.431E+2	2.346E-7
										7.434E+2	9.407E-7
										7.437E+2	2.346E-7
										7.440E+2	2.586E-6
										7.443E+2	0.000E+0
										7.447E+2	5.878E-6
										7.450E+2	3.762E-6
										7.453E+2	2.352E-6
										7.456E+2	9.407E-7
										7.460E+2	1.152E-5
										7.463E+2	5.173E-6
										7.466E+2	4.937E-6
										7.469E+2	7.050E-7
										7.472E+2	1.411E-6
										7.475E+2	2.346E-7
										7.479E+2	1.411E-6
										7.482E+2	4.937E-6
										7.485E+2	7.050E-7
										7.488E+2	4.703E-7
										7.492E+2	8.229E-6
										7.495E+2	1.175E-6
										7.498E+2	4.937E-6
										7.501E+2	5.643E-6
										7.504E+2	0.000E+0
										7.507E+2	6.818E-6
										7.511E+2	4.703E-7
										7.514E+2	6.348E-6
										7.517E+2	3.057E-6
										7.520E+2	9.407E-7
										7.523E+2	3.057E-6
										7.527E+2	1.129E-5
										7.530E+2	4.703E-7
										7.533E+2	2.346E-7
										7.536E+2	2.116E-6
										7.539E+2	6.348E-6
										7.542E+2	7.289E-6
										7.546E+2	7.053E-6
										7.549E+2	1.411E-6
										7.552E+2	7.289E-6
										7.555E+2	2.346E-7
										7.558E+2	3.057E-6
										7.562E+2	9.407E-7
										7.565E+2	4.937E-6
										7.568E+2	1.881E-6
										7.571E+2	1.293E-5
										7.574E+2	1.411E-6
										7.578E+2	7.050E-7
										7.581E+2	2.586E-6
										7.584E+2	1.175E-6
										7.587E+2	4.937E-6
										7.590E+2	2.586E-6
										7.593E+2	9.407E-7
										7.597E+2	1.411E-6
										7.600E+2	9.407E-7
										7.603E+2	2.116E-6
										7.606E+2	1.199E-5
										7.609E+2	3.291E-6
										7.612E+2	1.881E-6
										7.616E+2	2.586E-6
										7.619E+2	6.113E-6
										7.622E+2	3.997E-6
										7.625E+2	1.881E-6
										7.628E+2	0.000E+0
										7.631E+2	4.703E-7
										7.635E+2	3.527E-6
										7.638E+2	9.170E-6
										7.641E+2	1.129E-5
										7.644E+2	1.411E-6
										7.647E+2	5.173E-6
										7.650E+2	7.053E-6
										7.654E+2	2.116E-6
										7.657E+2	4.937E-6
										7.660E+2	2.821E-6
										7.663E+2	2.586E-6
										7.666E+2	4.468E-6
										7.669E+2	3.527E-6
										7.673E+2	1.646E-6
										7.676E+2	3.057E-6
										7.679E+2	4.232E-6
										7.682E+2	4.937E-6
										7.685E+2	2.116E-6
										7.688E+2	1.646E-6
										7.692E+2	0.000E+0
										7.695E+2	4.232E-6
										7.698E+2	5.407E-6
										7.701E+2	4.232E-6
										7.704E+2	4.703E-7
										7.707E+2	1.199E-5
										7.710E+2	1.175E-6
										7.714E+2	9.407E-7
										7.717E+2	1.175E-6
										7.720E+2	1.411E-6
										7.723E+2	1.881E-6
										7.726E+2	6.113E-6
										7.730E+2	2.116E-6
										7.733E+2	1.881E-6
										7.736E+2	7.050E-7
										7.739E+2	7.050E-7
										7.742E+2	3.291E-6
										7.745E+2	3.527E-6
										7.748E+2	2.116E-6
										7.752E+2	5.643E-6
										7.755E+2	1.058E-5
										7.758E+2	2.116E-6
										7.761E+2	6.818E-6
										7.764E+2	9.405E-6
										7.767E+2	7.050E-7
										7.770E+2	3.527E-6
										7.774E+2	2.346E-7
										7.777E+2	4.937E-6
										7.780E+2	1.411E-6
										7.783E+2	5.173E-6
										7.786E+2	2.352E-6
										7.789E+2	2.352E-6
										7.792E+2	2.352E-6
										7.796E+2	4.937E-6
										7.799E+2	5.407E-6
										7.802E+2	1.035E-5
										7.805E+2	1.011E-5
										7.808E+2	1.881E-6
										7.811E+2	1.152E-5
