Voltage(V)	Current(A)	PD Current(A)	J (mA/cm2)	L (cd/m2)	Cur Eff (cd/A)	Power Eff (lm/W)	EQE(%)	CIE X	CIE Y	Wav (nm)	Intensity (au)
-4.000E+0	4.953E-5	3.107E-9	1.238E+0	5.953E-1	4.808E-2	-3.774E-2	1.281E-2	2.796E-1	6.590E-1	3.808E+2	6.539E-7
-3.800E+0	2.016E-5	3.129E-9	5.041E-1	5.995E-1	1.189E-1	-9.827E-2	3.168E-2			3.811E+2	5.888E-6
-3.600E+0	1.942E-5	3.143E-9	4.854E-1	6.022E-1	1.241E-1	-1.082E-1	3.304E-2			3.815E+2	3.271E-6
-3.400E+0	1.843E-5	3.041E-9	4.608E-1	5.827E-1	1.265E-1	-1.168E-1	3.368E-2			3.819E+2	8.505E-6
-3.200E+0	9.160E-6	3.001E-9	2.290E-1	5.749E-1	2.510E-1	-2.463E-1	6.686E-2			3.822E+2	4.798E-6
-3.000E+0	6.279E-6	3.024E-9	1.570E-1	5.794E-1	3.691E-1	-3.863E-1	9.830E-2			3.826E+2	9.377E-6
-2.800E+0	5.282E-6	3.037E-9	1.320E-1	5.819E-1	4.407E-1	-4.942E-1	1.174E-1			3.830E+2	5.452E-6
-2.600E+0	4.406E-6	3.024E-9	1.102E-1	5.793E-1	5.259E-1	-6.351E-1	1.401E-1			3.833E+2	4.363E-7
-2.400E+0	3.423E-6	3.047E-9	8.557E-2	5.838E-1	6.823E-1	-8.927E-1	1.817E-1			3.837E+2	9.377E-6
-2.200E+0	2.796E-6	3.104E-9	6.989E-2	5.946E-1	8.508E-1	-1.214E+0	2.266E-1			3.841E+2	3.489E-6
-2.000E+0	2.396E-6	3.112E-9	5.990E-2	5.962E-1	9.953E-1	-1.563E+0	2.651E-1			3.844E+2	3.708E-6
-1.800E+0	1.951E-6	3.116E-9	4.877E-2	5.970E-1	1.224E+0	-2.135E+0	3.260E-1			3.848E+2	4.363E-7
-1.600E+0	1.498E-6	3.058E-9	3.745E-2	5.858E-1	1.564E+0	-3.070E+0	4.166E-1			3.852E+2	5.888E-6
-1.400E+0	1.253E-6	2.991E-9	3.133E-2	5.731E-1	1.829E+0	-4.102E+0	4.871E-1			3.855E+2	1.526E-6
-1.200E+0	8.811E-7	2.992E-9	2.203E-2	5.733E-1	2.603E+0	-6.810E+0	6.932E-1			3.859E+2	4.144E-6
-1.000E+0	6.541E-7	2.995E-9	1.635E-2	5.738E-1	3.509E+0	-1.102E+1	9.345E-1			3.863E+2	2.835E-6
-8.000E-1	4.886E-7	3.009E-9	1.221E-2	5.764E-1	4.719E+0	-1.852E+1	1.257E+0			3.866E+2	5.015E-6
-6.000E-1	2.561E-7	3.012E-9	6.401E-3	5.771E-1	9.015E+0	-4.718E+1	2.401E+0			3.870E+2	3.489E-6
-4.000E-1	1.089E-7	2.995E-9	2.723E-3	5.737E-1	2.107E+1	-1.654E+2	5.612E+0			3.874E+2	2.617E-6
-2.000E-1	2.221E-8	3.010E-9	5.551E-4	5.767E-1	1.039E+2	-1.631E+3	2.767E+1			3.877E+2	5.452E-6
1.277E-15	4.577E-10	3.010E-9	1.144E-5	5.766E-1	5.039E+3	1.239E+19	1.342E+3			3.881E+2	8.723E-6
2.000E-1	3.283E-8	2.771E-9	8.208E-4	5.308E-1	6.467E+1	1.015E+3	1.722E+1			3.885E+2	7.414E-6
4.000E-1	9.696E-8	3.008E-9	2.424E-3	5.762E-1	2.377E+1	1.866E+2	6.331E+0			3.888E+2	1.090E-5
6.000E-1	1.676E-7	3.060E-9	4.189E-3	5.863E-1	1.400E+1	7.324E+1	3.728E+0			3.892E+2	5.452E-6
8.000E-1	2.645E-7	3.076E-9	6.613E-3	5.893E-1	8.910E+0	3.497E+1	2.373E+0			3.895E+2	6.978E-6
1.000E+0	4.320E-7	3.020E-9	1.080E-2	5.786E-1	5.358E+0	1.682E+1	1.427E+0			3.899E+2	3.708E-6
1.200E+0	1.019E-7	3.038E-9	2.547E-3	5.819E-1	2.285E+1	5.979E+1	6.086E+0			3.903E+2	4.363E-7
1.400E+0	2.384E-7	2.995E-9	5.959E-3	5.739E-1	9.630E+0	2.160E+1	2.565E+0			3.906E+2	1.526E-6
1.600E+0	2.035E-7	2.983E-9	5.088E-3	5.715E-1	1.123E+1	2.204E+1	2.992E+0			3.910E+2	7.197E-6
1.800E+0	2.849E-7	3.008E-9	7.123E-3	5.763E-1	8.091E+0	1.411E+1	2.155E+0			3.914E+2	4.144E-6
2.000E+0	4.091E-7	2.987E-9	1.023E-2	5.722E-1	5.596E+0	8.785E+0	1.490E+0			3.917E+2	3.271E-6
2.200E+0	2.630E-7	2.961E-9	6.574E-3	5.673E-1	8.629E+0	1.232E+1	2.298E+0			3.921E+2	4.363E-7
2.400E+0	2.395E-7	2.931E-9	5.988E-3	5.615E-1	9.378E+0	1.227E+1	2.498E+0			3.925E+2	4.362E-6
2.600E+0	4.136E-7	2.950E-9	1.034E-2	5.651E-1	5.465E+0	6.600E+0	1.456E+0			3.928E+2	2.181E-6
2.800E+0	3.934E-7	6.002E-9	9.835E-3	1.150E+0	1.169E+1	1.311E+1	3.114E+0			3.932E+2	4.579E-6
3.000E+0	4.896E-7	2.616E-8	1.224E-2	5.012E+0	4.095E+1	4.286E+1	1.091E+1			3.935E+2	2.181E-6
3.200E+0	1.297E-6	1.037E-7	3.243E-2	1.987E+1	6.128E+1	6.013E+1	1.632E+1			3.939E+2	7.197E-6
3.400E+0	3.323E-6	3.216E-7	8.309E-2	6.162E+1	7.416E+1	6.849E+1	1.975E+1			3.943E+2	1.309E-6
3.600E+0	8.702E-6	8.264E-7	2.176E-1	1.583E+2	7.277E+1	6.347E+1	1.938E+1			3.946E+2	6.324E-6
3.800E+0	1.979E-5	1.810E-6	4.947E-1	3.468E+2	7.010E+1	5.792E+1	1.867E+1			3.950E+2	7.414E-6
4.000E+0	4.072E-5	3.474E-6	1.018E+0	6.655E+2	6.538E+1	5.132E+1	1.741E+1			3.954E+2	3.053E-6
4.200E+0	7.600E-5	5.982E-6	1.900E+0	1.146E+3	6.031E+1	4.509E+1	1.606E+1			3.957E+2	8.725E-7
4.400E+0	1.303E-4	9.444E-6	3.258E+0	1.809E+3	5.553E+1	3.963E+1	1.479E+1			3.961E+2	1.396E-5
4.600E+0	2.075E-4	1.387E-5	5.187E+0	2.658E+3	5.123E+1	3.497E+1	1.365E+1			3.965E+2	4.798E-6
4.800E+0	3.113E-4	1.937E-5	7.783E+0	3.711E+3	4.768E+1	3.119E+1	1.270E+1			3.968E+2	5.234E-6
5.000E+0	4.449E-4	2.590E-5	1.112E+1	4.962E+3	4.461E+1	2.802E+1	1.188E+1			3.972E+2	2.617E-6
5.200E+0	6.105E-4	3.343E-5	1.526E+1	6.405E+3	4.196E+1	2.534E+1	1.118E+1			3.975E+2	8.725E-7
5.400E+0	8.089E-4	4.187E-5	2.022E+1	8.021E+3	3.966E+1	2.306E+1	1.056E+1			3.979E+2	3.053E-6
5.600E+0	1.040E-3	5.113E-5	2.601E+1	9.796E+3	3.767E+1	2.112E+1	1.003E+1			3.983E+2	2.176E-7
5.800E+0	1.305E-3	6.114E-5	3.263E+1	1.171E+4	3.590E+1	1.943E+1	9.561E+0			3.986E+2	8.505E-6
6.000E+0	1.603E-3	7.180E-5	4.008E+1	1.376E+4	3.432E+1	1.796E+1	9.142E+0			3.990E+2	4.579E-6
6.200E+0	1.932E-3	8.301E-5	4.831E+1	1.590E+4	3.292E+1	1.667E+1	8.769E+0			3.994E+2	2.176E-7
6.400E+0	2.293E-3	9.472E-5	5.732E+1	1.815E+4	3.166E+1	1.553E+1	8.432E+0			3.997E+2	7.633E-6
6.600E+0	2.685E-3	1.069E-4	6.713E+1	2.048E+4	3.051E+1	1.451E+1	8.126E+0			4.001E+2	8.723E-6
6.800E+0	3.112E-3	1.193E-4	7.781E+1	2.286E+4	2.938E+1	1.357E+1	7.827E+0			4.005E+2	7.197E-6
7.000E+0	3.567E-3	1.322E-4	8.917E+1	2.533E+4	2.841E+1	1.274E+1	7.566E+0			4.008E+2	5.888E-6
7.200E+0	4.047E-3	1.455E-4	1.012E+2	2.788E+4	2.755E+1	1.202E+1	7.338E+0			4.012E+2	4.363E-7
7.400E+0	4.564E-3	1.591E-4	1.141E+2	3.048E+4	2.671E+1	1.133E+1	7.115E+0			4.015E+2	2.176E-7
7.600E+0	5.104E-3	1.729E-4	1.276E+2	3.313E+4	2.596E+1	1.073E+1	6.915E+0			4.019E+2	3.271E-6
7.800E+0	5.680E-3	1.870E-4	1.420E+2	3.583E+4	2.523E+1	1.016E+1	6.720E+0			4.023E+2	8.725E-7
8.000E+0	6.283E-3	2.013E-4	1.571E+2	3.856E+4	2.455E+1	9.636E+0	6.539E+0			4.026E+2	3.271E-6
8.200E+0	6.909E-3	2.160E-4	1.727E+2	4.137E+4	2.395E+1	9.172E+0	6.380E+0			4.030E+2	2.176E-7
8.400E+0	7.574E-3	2.307E-4	1.893E+2	4.419E+4	2.334E+1	8.725E+0	6.217E+0			4.034E+2	4.362E-6
8.600E+0	8.269E-3	2.456E-4	2.067E+2	4.704E+4	2.276E+1	8.309E+0	6.061E+0			4.037E+2	4.363E-7
8.800E+0	8.995E-3	2.606E-4	2.249E+2	4.993E+4	2.220E+1	7.922E+0	5.913E+0			4.041E+2	3.489E-6
9.000E+0	9.750E-3	2.757E-4	2.437E+2	5.282E+4	2.167E+1	7.561E+0	5.772E+0			4.045E+2	5.015E-6
9.200E+0	1.054E-2	2.909E-4	2.635E+2	5.573E+4	2.115E+1	7.219E+0	5.633E+0			4.048E+2	3.489E-6
9.400E+0	1.136E-2	3.062E-4	2.841E+2	5.865E+4	2.065E+1	6.897E+0	5.499E+0			4.052E+2	7.414E-6
9.600E+0	1.220E-2	3.217E-4	3.050E+2	6.162E+4	2.020E+1	6.609E+0	5.381E+0			4.055E+2	9.159E-6
9.800E+0	1.308E-2	3.371E-4	3.269E+2	6.457E+4	1.975E+1	6.328E+0	5.261E+0			4.059E+2	4.363E-7
1.000E+1	1.397E-2	3.523E-4	3.493E+2	6.749E+4	1.932E+1	6.067E+0	5.147E+0			4.063E+2	4.579E-6
										4.066E+2	6.543E-6
										4.070E+2	8.725E-7
										4.074E+2	4.579E-6
										4.077E+2	1.090E-6
										4.081E+2	4.362E-6
										4.084E+2	8.287E-6
										4.088E+2	8.725E-7
										4.092E+2	4.579E-6
										4.095E+2	4.579E-6
										4.099E+2	2.399E-6
										4.102E+2	2.399E-6
										4.106E+2	4.363E-7
										4.110E+2	1.025E-5
										4.113E+2	3.271E-6
										4.117E+2	2.399E-6
										4.121E+2	1.069E-5
										4.124E+2	5.670E-6
										4.128E+2	5.452E-6
										4.131E+2	5.888E-6
										4.135E+2	3.489E-6
										4.139E+2	3.489E-6
										4.142E+2	8.725E-7
										4.146E+2	8.069E-6
										4.150E+2	2.835E-6
										4.153E+2	2.617E-6
										4.157E+2	4.363E-7
										4.160E+2	5.234E-6
										4.164E+2	3.053E-6
										4.168E+2	2.399E-6
										4.171E+2	7.197E-6
										4.175E+2	6.542E-6
										4.178E+2	6.978E-6
										4.182E+2	1.090E-5
										4.186E+2	1.526E-6
										4.189E+2	1.090E-6
										4.193E+2	6.539E-7
										4.196E+2	2.180E-6
										4.200E+2	4.579E-6
										4.204E+2	6.542E-6
										4.207E+2	4.144E-6
										4.211E+2	9.596E-6
										4.215E+2	3.708E-6
										4.218E+2	1.178E-5
										4.222E+2	8.287E-6
										4.225E+2	5.452E-6
										4.229E+2	2.176E-7
										4.233E+2	8.505E-6
										4.236E+2	5.452E-6
										4.240E+2	3.489E-6
										4.243E+2	7.414E-6
										4.247E+2	1.526E-6
										4.251E+2	4.363E-7
										4.254E+2	1.526E-6
										4.258E+2	1.047E-5
										4.261E+2	1.309E-6
										4.265E+2	2.399E-6
										4.269E+2	4.144E-6
										4.272E+2	3.708E-6
										4.276E+2	2.176E-7
										4.280E+2	2.617E-6
										4.283E+2	2.181E-6
										4.287E+2	1.963E-6
										4.290E+2	6.760E-6
										4.294E+2	1.526E-6
										4.298E+2	1.309E-6
										4.301E+2	8.069E-6
										4.305E+2	6.324E-6
										4.308E+2	5.452E-6
										4.312E+2	5.888E-6
										4.315E+2	2.617E-6
										4.319E+2	5.670E-6
										4.323E+2	2.835E-6
										4.326E+2	5.888E-6
										4.330E+2	6.543E-6
										4.334E+2	8.725E-7
										4.337E+2	3.271E-6
										4.341E+2	2.617E-6
										4.344E+2	4.798E-6
										4.348E+2	5.452E-6
										4.351E+2	6.978E-6
										4.355E+2	1.526E-6
										4.359E+2	2.180E-6
										4.362E+2	4.144E-6
										4.366E+2	8.069E-6
										4.370E+2	7.633E-6
										4.373E+2	1.309E-6
										4.377E+2	1.745E-6
										4.380E+2	3.489E-6
										4.384E+2	1.047E-5
										4.387E+2	2.180E-6
										4.391E+2	8.069E-6
										4.395E+2	1.090E-6
										4.398E+2	9.159E-6
										4.402E+2	2.181E-6
										4.405E+2	5.234E-6
										4.409E+2	2.399E-6
										4.412E+2	1.963E-6
										4.416E+2	8.725E-7
										4.420E+2	2.399E-6
										4.423E+2	6.107E-6
										4.427E+2	4.144E-6
										4.430E+2	3.489E-6
										4.434E+2	1.309E-6
										4.438E+2	3.489E-6
										4.441E+2	2.399E-6
										4.445E+2	5.452E-6
										4.448E+2	1.526E-6
										4.452E+2	1.309E-6
										4.456E+2	6.978E-6
										4.459E+2	6.760E-6
										4.463E+2	1.963E-6
										4.466E+2	5.452E-6
										4.470E+2	9.377E-6
										4.474E+2	3.925E-6
										4.477E+2	1.745E-6
										4.481E+2	1.963E-6
										4.484E+2	6.760E-6
										4.488E+2	7.197E-6
										4.491E+2	2.399E-6
										4.495E+2	3.053E-6
										4.499E+2	9.377E-6
										4.502E+2	5.452E-6
										4.506E+2	6.539E-7
										4.509E+2	0.000E+0
										4.513E+2	4.798E-6
										4.516E+2	1.963E-6
										4.520E+2	6.539E-7
										4.524E+2	5.888E-6
										4.527E+2	2.176E-7
										4.531E+2	2.399E-6
										4.534E+2	1.745E-6
										4.538E+2	3.925E-6
										4.541E+2	3.271E-6
										4.545E+2	7.197E-6
										4.549E+2	1.352E-5
										4.552E+2	1.265E-5
										4.556E+2	3.925E-6
										4.559E+2	8.287E-6
										4.563E+2	8.725E-7
										4.566E+2	1.526E-6
										4.570E+2	1.199E-5
										4.574E+2	7.851E-6
										4.577E+2	6.107E-6
										4.581E+2	4.579E-6
										4.584E+2	7.197E-6
										4.588E+2	9.596E-6
										4.591E+2	4.362E-6
										4.595E+2	4.363E-7
										4.599E+2	5.015E-6
										4.602E+2	2.617E-6
										4.606E+2	4.798E-6
										4.609E+2	4.144E-6
										4.613E+2	1.156E-5
										4.616E+2	2.181E-6
										4.620E+2	9.377E-6
										4.624E+2	1.090E-6
										4.627E+2	8.723E-6
										4.631E+2	9.596E-6
										4.634E+2	5.670E-6
										4.638E+2	4.362E-6
										4.641E+2	8.941E-6
										4.645E+2	4.362E-6
										4.649E+2	6.978E-6
										4.652E+2	7.851E-6
										4.656E+2	3.925E-6
										4.659E+2	5.452E-6
										4.663E+2	5.234E-6
										4.666E+2	1.265E-5
										4.670E+2	9.813E-6
										4.674E+2	4.144E-6
										4.677E+2	1.112E-5
										4.681E+2	1.047E-5
										4.684E+2	1.657E-5
										4.688E+2	9.377E-6
										4.691E+2	1.439E-5
										4.695E+2	8.287E-6
										4.698E+2	8.505E-6
										4.702E+2	1.941E-5
										4.705E+2	2.050E-5
										4.709E+2	6.107E-6
										4.713E+2	2.268E-5
										4.716E+2	2.399E-5
										4.720E+2	1.090E-5
										4.723E+2	2.617E-5
										4.727E+2	3.009E-5
										4.730E+2	2.115E-5
										4.734E+2	2.377E-5
										4.738E+2	2.726E-5
										4.741E+2	2.530E-5
										4.745E+2	2.530E-5
										4.748E+2	3.184E-5
										4.752E+2	3.053E-5
										4.755E+2	3.380E-5
										4.759E+2	4.449E-5
										4.762E+2	4.383E-5
										4.766E+2	3.424E-5
										4.770E+2	5.321E-5
										4.773E+2	4.383E-5
										4.777E+2	5.495E-5
										4.780E+2	5.016E-5
										4.784E+2	5.605E-5
										4.787E+2	6.804E-5
										4.791E+2	6.957E-5
										4.794E+2	6.542E-5
										4.798E+2	7.284E-5
										4.801E+2	8.374E-5
										4.805E+2	8.549E-5
										4.809E+2	9.203E-5
										4.812E+2	1.001E-4
										4.816E+2	9.595E-5
										4.819E+2	1.021E-4
										4.823E+2	1.215E-4
										4.826E+2	1.328E-4
										4.830E+2	1.219E-4
										4.833E+2	1.494E-4
										4.837E+2	1.472E-4
										4.840E+2	1.636E-4
										4.844E+2	1.688E-4
										4.848E+2	1.838E-4
										4.851E+2	1.950E-4
										4.855E+2	2.059E-4
										4.858E+2	2.244E-4
										4.862E+2	2.279E-4
										4.865E+2	2.384E-4
										4.869E+2	2.728E-4
										4.872E+2	2.709E-4
										4.876E+2	3.101E-4
										4.879E+2	3.245E-4
										4.883E+2	3.175E-4
										4.886E+2	3.718E-4
										4.890E+2	3.773E-4
										4.894E+2	4.174E-4
										4.897E+2	4.381E-4
										4.901E+2	4.545E-4
										4.904E+2	4.841E-4
										4.908E+2	5.352E-4
										4.911E+2	5.613E-4
										4.915E+2	5.703E-4
										4.918E+2	6.289E-4
										4.922E+2	6.575E-4
										4.925E+2	7.016E-4
										4.929E+2	7.430E-4
										4.932E+2	7.803E-4
										4.936E+2	8.479E-4
										4.939E+2	8.828E-4
										4.943E+2	9.432E-4
										4.946E+2	9.848E-4
										4.950E+2	1.061E-3
										4.954E+2	1.107E-3
										4.957E+2	1.143E-3
										4.961E+2	1.213E-3
										4.964E+2	1.295E-3
										4.968E+2	1.378E-3
										4.971E+2	1.417E-3
										4.975E+2	1.497E-3
										4.978E+2	1.569E-3
										4.982E+2	1.615E-3
										4.985E+2	1.710E-3
										4.989E+2	1.771E-3
										4.992E+2	1.869E-3
										4.996E+2	1.948E-3
										4.999E+2	2.023E-3
										5.003E+2	2.094E-3
										5.006E+2	2.208E-3
										5.010E+2	2.260E-3
										5.014E+2	2.350E-3
										5.017E+2	2.439E-3
										5.020E+2	2.535E-3
										5.024E+2	2.601E-3
										5.028E+2	2.738E-3
										5.031E+2	2.788E-3
										5.035E+2	2.908E-3
										5.038E+2	2.989E-3
										5.042E+2	3.091E-3
										5.045E+2	3.160E-3
										5.049E+2	3.248E-3
										5.052E+2	3.363E-3
										5.056E+2	3.421E-3
										5.059E+2	3.549E-3
										5.063E+2	3.640E-3
										5.066E+2	3.769E-3
										5.070E+2	3.839E-3
										5.073E+2	3.881E-3
										5.077E+2	3.983E-3
										5.080E+2	4.085E-3
										5.084E+2	4.171E-3
										5.087E+2	4.254E-3
										5.091E+2	4.370E-3
										5.094E+2	4.420E-3
										5.098E+2	4.522E-3
										5.101E+2	4.608E-3
										5.105E+2	4.643E-3
										5.108E+2	4.727E-3
										5.112E+2	4.751E-3
										5.115E+2	4.838E-3
										5.119E+2	4.934E-3
										5.122E+2	4.964E-3
										5.126E+2	5.026E-3
										5.130E+2	5.096E-3
										5.133E+2	5.144E-3
										5.137E+2	5.141E-3
										5.140E+2	5.218E-3
										5.143E+2	5.276E-3
										5.147E+2	5.252E-3
										5.151E+2	5.338E-3
										5.154E+2	5.320E-3
										5.158E+2	5.410E-3
										5.161E+2	5.370E-3
										5.165E+2	5.420E-3
										5.168E+2	5.472E-3
										5.172E+2	5.452E-3
										5.175E+2	5.500E-3
										5.179E+2	5.499E-3
										5.182E+2	5.500E-3
										5.186E+2	5.504E-3
										5.189E+2	5.525E-3
										5.193E+2	5.522E-3
										5.196E+2	5.537E-3
										5.200E+2	5.552E-3
										5.203E+2	5.539E-3
										5.207E+2	5.547E-3
										5.210E+2	5.550E-3
										5.214E+2	5.526E-3
										5.217E+2	5.557E-3
										5.221E+2	5.520E-3
										5.224E+2	5.522E-3
										5.228E+2	5.546E-3
										5.231E+2	5.503E-3
										5.235E+2	5.506E-3
										5.238E+2	5.489E-3
										5.242E+2	5.499E-3
										5.245E+2	5.473E-3
										5.249E+2	5.432E-3
										5.252E+2	5.440E-3
										5.256E+2	5.430E-3
										5.259E+2	5.380E-3
										5.262E+2	5.379E-3
										5.266E+2	5.381E-3
										5.270E+2	5.325E-3
										5.273E+2	5.294E-3
										5.277E+2	5.295E-3
										5.280E+2	5.308E-3
										5.283E+2	5.213E-3
										5.287E+2	5.183E-3
										5.290E+2	5.197E-3
										5.294E+2	5.164E-3
										5.298E+2	5.159E-3
										5.301E+2	5.116E-3
										5.304E+2	5.067E-3
										5.308E+2	5.025E-3
										5.311E+2	4.976E-3
										5.315E+2	5.011E-3
										5.318E+2	4.969E-3
										5.322E+2	4.871E-3
										5.325E+2	4.865E-3
										5.329E+2	4.838E-3
										5.332E+2	4.828E-3
										5.336E+2	4.788E-3
										5.339E+2	4.738E-3
										5.343E+2	4.697E-3
										5.346E+2	4.677E-3
										5.350E+2	4.635E-3
										5.353E+2	4.618E-3
										5.357E+2	4.569E-3
										5.360E+2	4.548E-3
										5.364E+2	4.486E-3
										5.367E+2	4.479E-3
										5.371E+2	4.438E-3
										5.374E+2	4.389E-3
										5.378E+2	4.369E-3
										5.381E+2	4.327E-3
										5.385E+2	4.327E-3
										5.388E+2	4.249E-3
										5.392E+2	4.225E-3
										5.395E+2	4.157E-3
										5.398E+2	4.167E-3
										5.402E+2	4.157E-3
										5.405E+2	4.152E-3
										5.409E+2	4.126E-3
										5.412E+2	4.020E-3
										5.416E+2	4.064E-3
										5.419E+2	4.040E-3
										5.423E+2	3.965E-3
										5.426E+2	3.970E-3
										5.430E+2	3.944E-3
										5.433E+2	3.910E-3
										5.437E+2	3.900E-3
										5.440E+2	3.880E-3
										5.444E+2	3.827E-3
										5.447E+2	3.796E-3
										5.451E+2	3.794E-3
										5.454E+2	3.798E-3
										5.458E+2	3.731E-3
										5.461E+2	3.710E-3
										5.464E+2	3.684E-3
										5.468E+2	3.638E-3
										5.471E+2	3.651E-3
										5.475E+2	3.622E-3
										5.478E+2	3.586E-3
										5.482E+2	3.572E-3
										5.485E+2	3.583E-3
										5.489E+2	3.562E-3
										5.492E+2	3.496E-3
										5.496E+2	3.486E-3
										5.499E+2	3.461E-3
										5.503E+2	3.423E-3
										5.506E+2	3.466E-3
										5.510E+2	3.378E-3
										5.513E+2	3.391E-3
										5.516E+2	3.306E-3
										5.520E+2	3.336E-3
										5.523E+2	3.308E-3
										5.527E+2	3.286E-3
										5.530E+2	3.268E-3
										5.534E+2	3.264E-3
										5.537E+2	3.223E-3
										5.541E+2	3.159E-3
										5.544E+2	3.139E-3
										5.548E+2	3.113E-3
										5.551E+2	3.102E-3
										5.555E+2	3.056E-3
										5.558E+2	3.065E-3
										5.561E+2	3.043E-3
										5.565E+2	3.030E-3
										5.568E+2	2.953E-3
										5.572E+2	2.955E-3
										5.575E+2	2.956E-3
										5.579E+2	2.912E-3
										5.582E+2	2.872E-3
										5.586E+2	2.883E-3
										5.589E+2	2.827E-3
										5.592E+2	2.832E-3
										5.596E+2	2.774E-3
										5.599E+2	2.754E-3
										5.603E+2	2.764E-3
										5.606E+2	2.722E-3
										5.610E+2	2.700E-3
										5.613E+2	2.668E-3
										5.617E+2	2.660E-3
										5.620E+2	2.578E-3
										5.624E+2	2.590E-3
										5.627E+2	2.582E-3
										5.630E+2	2.553E-3
										5.634E+2	2.493E-3
										5.637E+2	2.490E-3
										5.641E+2	2.455E-3
										5.644E+2	2.400E-3
										5.648E+2	2.410E-3
										5.651E+2	2.366E-3
										5.655E+2	2.358E-3
										5.658E+2	2.335E-3
										5.662E+2	2.310E-3
										5.665E+2	2.264E-3
										5.668E+2	2.217E-3
										5.672E+2	2.199E-3
										5.675E+2	2.187E-3
										5.679E+2	2.149E-3
										5.682E+2	2.144E-3
										5.686E+2	2.130E-3
										5.689E+2	2.100E-3
										5.692E+2	2.093E-3
										5.696E+2	2.011E-3
										5.699E+2	2.010E-3
										5.703E+2	2.012E-3
										5.706E+2	1.990E-3
										5.710E+2	1.967E-3
										5.713E+2	1.912E-3
										5.717E+2	1.897E-3
										5.720E+2	1.859E-3
										5.723E+2	1.877E-3
										5.727E+2	1.835E-3
										5.730E+2	1.807E-3
										5.734E+2	1.790E-3
										5.737E+2	1.765E-3
										5.741E+2	1.731E-3
										5.744E+2	1.713E-3
										5.748E+2	1.699E-3
										5.751E+2	1.653E-3
										5.754E+2	1.625E-3
										5.758E+2	1.669E-3
										5.761E+2	1.609E-3
										5.765E+2	1.589E-3
										5.768E+2	1.546E-3
										5.772E+2	1.551E-3
										5.775E+2	1.541E-3
										5.778E+2	1.497E-3
										5.782E+2	1.474E-3
										5.785E+2	1.459E-3
										5.789E+2	1.428E-3
										5.792E+2	1.418E-3
										5.795E+2	1.423E-3
										5.799E+2	1.376E-3
										5.802E+2	1.386E-3
										5.806E+2	1.354E-3
										5.809E+2	1.338E-3
										5.813E+2	1.323E-3
										5.816E+2	1.315E-3
										5.820E+2	1.284E-3
										5.823E+2	1.260E-3
										5.826E+2	1.236E-3
										5.830E+2	1.213E-3
										5.833E+2	1.247E-3
										5.837E+2	1.201E-3
										5.840E+2	1.190E-3
										5.843E+2	1.168E-3
										5.847E+2	1.152E-3
										5.850E+2	1.136E-3
										5.854E+2	1.120E-3
										5.857E+2	1.126E-3
										5.861E+2	1.101E-3
										5.864E+2	1.075E-3
										5.867E+2	1.059E-3
										5.871E+2	1.043E-3
										5.874E+2	1.016E-3
										5.878E+2	1.046E-3
										5.881E+2	1.002E-3
										5.885E+2	1.006E-3
										5.888E+2	9.999E-4
										5.891E+2	9.750E-4
										5.895E+2	9.576E-4
										5.898E+2	9.641E-4
										5.902E+2	9.329E-4
										5.905E+2	9.421E-4
										5.908E+2	9.231E-4
										5.912E+2	9.144E-4
										5.915E+2	9.015E-4
										5.919E+2	8.688E-4
										5.922E+2	8.717E-4
										5.925E+2	8.898E-4
										5.929E+2	8.638E-4
										5.932E+2	8.492E-4
										5.936E+2	8.396E-4
										5.939E+2	8.182E-4
										5.942E+2	8.038E-4
										5.946E+2	7.907E-4
										5.949E+2	8.095E-4
										5.953E+2	7.927E-4
										5.956E+2	7.796E-4
										5.960E+2	7.811E-4
										5.963E+2	7.720E-4
										5.966E+2	7.644E-4
										5.970E+2	7.467E-4
										5.973E+2	7.343E-4
										5.977E+2	7.242E-4
										5.980E+2	7.179E-4
										5.983E+2	6.948E-4
										5.987E+2	7.275E-4
										5.990E+2	6.865E-4
										5.994E+2	6.937E-4
										5.997E+2	6.640E-4
										6.000E+2	6.778E-4
										6.004E+2	6.619E-4
										6.007E+2	6.525E-4
										6.011E+2	6.512E-4
										6.014E+2	6.403E-4
										6.017E+2	6.274E-4
										6.021E+2	6.023E-4
										6.024E+2	6.233E-4
										6.028E+2	6.143E-4
										6.031E+2	6.052E-4
										6.034E+2	5.851E-4
										6.038E+2	5.812E-4
										6.041E+2	5.703E-4
										6.045E+2	5.759E-4
										6.048E+2	5.788E-4
										6.051E+2	5.629E-4
										6.055E+2	5.493E-4
										6.058E+2	5.437E-4
										6.062E+2	5.352E-4
										6.065E+2	5.330E-4
										6.068E+2	5.308E-4
										6.072E+2	5.216E-4
										6.075E+2	5.136E-4
										6.078E+2	5.070E-4
										6.082E+2	4.848E-4
										6.085E+2	4.922E-4
										6.089E+2	4.839E-4
										6.092E+2	4.739E-4
										6.095E+2	4.726E-4
										6.099E+2	4.673E-4
										6.102E+2	4.658E-4
										6.106E+2	4.590E-4
										6.109E+2	4.569E-4
										6.112E+2	4.534E-4
										6.116E+2	4.436E-4
										6.119E+2	4.137E-4
										6.123E+2	4.394E-4
										6.126E+2	4.244E-4
										6.129E+2	4.362E-4
										6.133E+2	4.207E-4
										6.136E+2	4.135E-4
										6.140E+2	4.139E-4
										6.143E+2	4.061E-4
										6.146E+2	4.015E-4
										6.150E+2	3.930E-4
										6.153E+2	4.052E-4
										6.156E+2	3.860E-4
										6.160E+2	3.757E-4
										6.163E+2	3.836E-4
										6.167E+2	3.762E-4
										6.170E+2	3.690E-4
										6.173E+2	3.627E-4
										6.177E+2	3.611E-4
										6.180E+2	3.542E-4
										6.183E+2	3.511E-4
										6.187E+2	3.518E-4
										6.190E+2	3.504E-4
										6.194E+2	3.201E-4
										6.197E+2	3.409E-4
										6.200E+2	3.391E-4
										6.204E+2	3.419E-4
										6.207E+2	3.201E-4
										6.210E+2	3.297E-4
										6.214E+2	3.123E-4
										6.217E+2	3.123E-4
										6.221E+2	2.985E-4
										6.224E+2	3.105E-4
										6.227E+2	2.996E-4
										6.231E+2	2.994E-4
										6.234E+2	2.844E-4
										6.238E+2	2.951E-4
										6.241E+2	3.014E-4
										6.244E+2	2.996E-4
										6.248E+2	2.922E-4
										6.251E+2	2.820E-4
										6.254E+2	2.743E-4
										6.258E+2	2.811E-4
										6.261E+2	2.735E-4
										6.264E+2	2.508E-4
										6.268E+2	2.669E-4
										6.271E+2	2.547E-4
										6.275E+2	2.580E-4
										6.278E+2	2.486E-4
										6.281E+2	2.469E-4
										6.285E+2	2.453E-4
										6.288E+2	2.442E-4
										6.291E+2	2.414E-4
										6.295E+2	2.266E-4
										6.298E+2	2.290E-4
										6.301E+2	2.355E-4
										6.305E+2	2.292E-4
										6.308E+2	2.283E-4
										6.312E+2	2.261E-4
										6.315E+2	2.198E-4
										6.318E+2	2.139E-4
										6.322E+2	2.087E-4
										6.325E+2	2.052E-4
										6.328E+2	2.043E-4
										6.332E+2	2.046E-4
										6.335E+2	1.950E-4
										6.338E+2	2.131E-4
										6.342E+2	1.878E-4
										6.345E+2	1.856E-4
										6.348E+2	1.930E-4
										6.352E+2	1.736E-4
										6.355E+2	1.808E-4
										6.358E+2	1.880E-4
										6.362E+2	1.716E-4
										6.365E+2	1.721E-4
										6.369E+2	1.694E-4
										6.372E+2	1.677E-4
										6.375E+2	1.625E-4
										6.379E+2	1.670E-4
										6.382E+2	1.605E-4
										6.385E+2	1.546E-4
										6.389E+2	1.618E-4
										6.392E+2	1.612E-4
										6.395E+2	1.483E-4
										6.399E+2	1.564E-4
										6.402E+2	1.498E-4
										6.405E+2	1.496E-4
										6.409E+2	1.503E-4
										6.412E+2	1.426E-4
										6.415E+2	1.383E-4
										6.419E+2	1.411E-4
										6.422E+2	1.428E-4
										6.425E+2	1.422E-4
										6.429E+2	1.317E-4
										6.432E+2	1.407E-4
										6.436E+2	1.247E-4
										6.439E+2	1.339E-4
										6.442E+2	1.250E-4
										6.446E+2	1.280E-4
										6.449E+2	1.230E-4
										6.452E+2	1.230E-4
										6.456E+2	1.189E-4
										6.459E+2	1.223E-4
										6.462E+2	1.149E-4
										6.466E+2	1.136E-4
										6.469E+2	1.184E-4
										6.472E+2	1.208E-4
										6.476E+2	1.221E-4
										6.479E+2	1.079E-4
										6.482E+2	1.101E-4
										6.486E+2	1.077E-4
										6.489E+2	1.095E-4
										6.492E+2	1.138E-4
										6.496E+2	1.108E-4
										6.499E+2	1.058E-4
										6.502E+2	1.012E-4
										6.506E+2	1.047E-4
										6.509E+2	1.014E-4
										6.512E+2	9.552E-5
										6.516E+2	9.901E-5
										6.519E+2	9.312E-5
										6.522E+2	1.005E-4
										6.526E+2	9.007E-5
										6.529E+2	8.701E-5
										6.532E+2	9.246E-5
										6.536E+2	9.312E-5
										6.539E+2	9.595E-5
										6.542E+2	9.072E-5
										6.546E+2	7.480E-5
										6.549E+2	9.203E-5
										6.552E+2	8.570E-5
										6.556E+2	8.527E-5
										6.559E+2	8.134E-5
										6.562E+2	8.156E-5
										6.566E+2	7.022E-5
										6.569E+2	6.346E-5
										6.572E+2	8.701E-5
										6.576E+2	7.698E-5
										6.579E+2	7.982E-5
										6.582E+2	7.109E-5
										6.586E+2	6.804E-5
										6.589E+2	7.502E-5
										6.592E+2	7.829E-5
										6.596E+2	7.415E-5
										6.599E+2	7.763E-5
										6.602E+2	7.175E-5
										6.605E+2	7.240E-5
										6.609E+2	6.608E-5
										6.612E+2	6.084E-5
										6.615E+2	6.172E-5
										6.619E+2	6.869E-5
										6.622E+2	6.499E-5
										6.625E+2	6.673E-5
										6.629E+2	6.608E-5
										6.632E+2	6.150E-5
										6.635E+2	6.128E-5
										6.639E+2	6.172E-5
										6.642E+2	5.452E-5
										6.645E+2	6.477E-5
										6.649E+2	6.630E-5
										6.652E+2	6.782E-5
										6.655E+2	6.302E-5
										6.659E+2	5.495E-5
										6.662E+2	5.888E-5
										6.665E+2	6.324E-5
										6.668E+2	5.517E-5
										6.672E+2	6.150E-5
										6.675E+2	5.932E-5
										6.678E+2	5.583E-5
										6.682E+2	5.059E-5
										6.685E+2	5.321E-5
										6.688E+2	5.059E-5
										6.692E+2	5.103E-5
										6.695E+2	5.277E-5
										6.698E+2	3.511E-5
										6.702E+2	5.365E-5
										6.705E+2	4.514E-5
										6.708E+2	5.517E-5
										6.712E+2	3.860E-5
										6.715E+2	4.405E-5
										6.718E+2	5.212E-5
										6.722E+2	4.514E-5
										6.725E+2	4.558E-5
										6.728E+2	4.950E-5
										6.731E+2	4.209E-5
										6.735E+2	4.449E-5
										6.738E+2	4.950E-5
										6.741E+2	4.558E-5
										6.745E+2	3.794E-5
										6.748E+2	3.620E-5
										6.751E+2	3.860E-5
										6.755E+2	3.489E-5
										6.758E+2	3.206E-5
										6.761E+2	4.100E-5
										6.764E+2	3.315E-5
										6.768E+2	3.947E-5
										6.771E+2	2.813E-5
										6.774E+2	4.383E-5
										6.778E+2	3.751E-5
										6.781E+2	3.555E-5
										6.784E+2	4.034E-5
										6.788E+2	3.511E-5
										6.791E+2	3.009E-5
										6.794E+2	3.162E-5
										6.797E+2	3.402E-5
										6.801E+2	3.337E-5
										6.804E+2	3.315E-5
										6.807E+2	3.097E-5
										6.810E+2	3.773E-5
										6.814E+2	3.446E-5
										6.817E+2	3.140E-5
										6.820E+2	3.467E-5
										6.824E+2	3.424E-5
										6.827E+2	3.664E-5
										6.830E+2	3.228E-5
										6.834E+2	3.620E-5
										6.837E+2	2.813E-5
										6.840E+2	2.312E-5
										6.843E+2	3.228E-5
										6.847E+2	3.053E-5
										6.850E+2	2.748E-5
										6.853E+2	2.835E-5
										6.857E+2	2.464E-5
										6.860E+2	2.442E-5
										6.863E+2	3.293E-5
										6.866E+2	1.221E-5
										6.870E+2	3.315E-5
										6.873E+2	3.816E-5
										6.876E+2	2.399E-5
										6.880E+2	2.399E-5
										6.883E+2	2.617E-5
										6.886E+2	2.835E-5
										6.889E+2	2.726E-5
										6.893E+2	1.941E-5
										6.896E+2	2.770E-5
										6.899E+2	2.748E-5
										6.902E+2	2.268E-5
										6.906E+2	8.069E-6
										6.909E+2	2.115E-5
										6.912E+2	1.439E-5
										6.916E+2	2.224E-5
										6.919E+2	2.290E-5
										6.922E+2	2.355E-5
										6.925E+2	2.399E-5
										6.929E+2	2.137E-5
										6.932E+2	1.156E-5
										6.935E+2	2.552E-5
										6.939E+2	2.704E-5
										6.942E+2	2.028E-5
										6.945E+2	1.548E-5
										6.948E+2	1.548E-5
										6.952E+2	3.097E-5
										6.955E+2	1.875E-5
										6.958E+2	2.421E-5
										6.962E+2	1.723E-5
										6.965E+2	2.879E-5
										6.968E+2	2.791E-5
										6.971E+2	2.137E-5
										6.975E+2	1.156E-5
										6.978E+2	2.203E-5
										6.981E+2	2.181E-5
										6.984E+2	9.159E-6
										6.988E+2	1.636E-5
										6.991E+2	2.006E-5
										6.994E+2	1.614E-5
										6.997E+2	2.159E-5
										7.001E+2	1.657E-5
										7.004E+2	3.031E-5
										7.007E+2	1.069E-5
										7.010E+2	1.679E-5
										7.014E+2	2.508E-5
										7.017E+2	1.134E-5
										7.020E+2	1.287E-5
										7.024E+2	1.352E-5
										7.027E+2	1.439E-5
										7.030E+2	1.875E-5
										7.033E+2	1.592E-5
										7.037E+2	1.766E-5
										7.040E+2	1.199E-5
										7.043E+2	1.287E-5
										7.046E+2	5.888E-6
										7.050E+2	4.798E-6
										7.053E+2	2.094E-5
										7.056E+2	1.003E-5
										7.059E+2	1.221E-5
										7.063E+2	9.596E-6
										7.066E+2	1.657E-5
										7.069E+2	7.414E-6
										7.072E+2	1.461E-5
										7.076E+2	2.399E-6
										7.079E+2	1.548E-5
										7.082E+2	1.483E-5
										7.085E+2	9.813E-6
										7.089E+2	1.396E-5
										7.092E+2	8.941E-6
										7.095E+2	7.414E-6
										7.098E+2	5.015E-6
										7.102E+2	1.745E-5
										7.105E+2	1.679E-5
										7.108E+2	7.197E-6
										7.112E+2	8.723E-6
										7.115E+2	4.579E-6
										7.118E+2	1.221E-5
										7.121E+2	5.452E-6
										7.124E+2	9.377E-6
										7.128E+2	5.234E-6
										7.131E+2	6.539E-7
										7.134E+2	1.570E-5
										7.137E+2	1.614E-5
										7.141E+2	4.798E-6
										7.144E+2	8.941E-6
										7.147E+2	4.363E-7
										7.150E+2	8.941E-6
										7.154E+2	2.617E-6
										7.157E+2	5.670E-6
										7.160E+2	9.596E-6
										7.163E+2	7.633E-6
										7.167E+2	1.287E-5
										7.170E+2	9.159E-6
										7.173E+2	2.176E-7
										7.176E+2	5.452E-6
										7.180E+2	2.181E-6
										7.183E+2	5.234E-6
										7.186E+2	1.636E-5
										7.189E+2	9.377E-6
										7.192E+2	1.199E-5
										7.196E+2	1.352E-5
										7.199E+2	1.003E-5
										7.202E+2	1.090E-5
										7.205E+2	1.526E-6
										7.209E+2	1.701E-5
										7.212E+2	1.417E-5
										7.215E+2	7.414E-6
										7.218E+2	8.723E-6
										7.222E+2	1.003E-5
										7.225E+2	2.617E-6
										7.228E+2	1.636E-5
										7.231E+2	1.527E-5
										7.235E+2	2.399E-6
										7.238E+2	1.265E-5
										7.241E+2	1.309E-6
										7.244E+2	3.271E-6
										7.248E+2	4.798E-6
										7.251E+2	3.925E-6
										7.254E+2	7.633E-6
										7.257E+2	1.090E-6
										7.260E+2	5.015E-6
										7.264E+2	1.003E-5
										7.267E+2	6.760E-6
										7.270E+2	5.015E-6
										7.273E+2	1.548E-5
										7.277E+2	5.234E-6
										7.280E+2	8.287E-6
										7.283E+2	1.330E-5
										7.286E+2	3.489E-6
										7.289E+2	9.596E-6
										7.293E+2	7.197E-6
										7.296E+2	1.308E-5
										7.299E+2	1.963E-6
										7.302E+2	7.851E-6
										7.305E+2	1.265E-5
										7.309E+2	1.461E-5
										7.312E+2	3.489E-6
										7.315E+2	1.526E-6
										7.318E+2	2.617E-6
										7.322E+2	4.798E-6
										7.325E+2	1.963E-6
										7.328E+2	4.363E-7
										7.331E+2	1.963E-6
										7.335E+2	6.324E-6
										7.338E+2	1.309E-6
										7.341E+2	2.617E-6
										7.344E+2	5.888E-6
										7.347E+2	3.489E-6
										7.351E+2	5.670E-6
										7.354E+2	2.617E-6
										7.357E+2	6.324E-6
										7.360E+2	5.234E-6
										7.363E+2	1.309E-6
										7.367E+2	3.271E-6
										7.370E+2	8.069E-6
										7.373E+2	7.414E-6
										7.376E+2	1.309E-6
										7.380E+2	2.617E-6
										7.383E+2	6.539E-7
										7.386E+2	2.835E-6
										7.389E+2	1.309E-6
										7.392E+2	8.941E-6
										7.395E+2	1.243E-5
										7.399E+2	4.579E-6
										7.402E+2	1.309E-6
										7.405E+2	4.363E-7
										7.408E+2	3.708E-6
										7.412E+2	1.745E-6
										7.415E+2	1.745E-6
										7.418E+2	1.090E-6
										7.421E+2	2.835E-6
										7.424E+2	6.539E-7
										7.428E+2	7.197E-6
										7.431E+2	6.107E-6
										7.434E+2	4.579E-6
										7.437E+2	4.144E-6
										7.440E+2	6.324E-6
										7.443E+2	6.107E-6
										7.447E+2	8.725E-7
										7.450E+2	3.489E-6
										7.453E+2	4.363E-7
										7.456E+2	2.617E-6
										7.460E+2	6.107E-6
										7.463E+2	1.309E-6
										7.466E+2	1.090E-6
										7.469E+2	4.579E-6
										7.472E+2	5.452E-6
										7.475E+2	1.047E-5
										7.479E+2	2.835E-6
										7.482E+2	5.015E-6
										7.485E+2	1.112E-5
										7.488E+2	3.489E-6
										7.492E+2	0.000E+0
										7.495E+2	8.725E-7
										7.498E+2	1.526E-6
										7.501E+2	8.505E-6
										7.504E+2	8.725E-7
										7.507E+2	2.181E-6
										7.511E+2	1.963E-6
										7.514E+2	6.107E-6
										7.517E+2	2.835E-6
										7.520E+2	6.760E-6
										7.523E+2	8.287E-6
										7.527E+2	5.015E-6
										7.530E+2	2.399E-6
										7.533E+2	1.963E-6
										7.536E+2	5.888E-6
										7.539E+2	6.760E-6
										7.542E+2	1.963E-6
										7.546E+2	1.526E-6
										7.549E+2	8.069E-6
										7.552E+2	1.265E-5
										7.555E+2	2.399E-6
										7.558E+2	8.287E-6
										7.562E+2	8.725E-7
										7.565E+2	3.708E-6
										7.568E+2	3.271E-6
										7.571E+2	7.197E-6
										7.574E+2	4.363E-7
										7.578E+2	2.399E-6
										7.581E+2	2.176E-7
										7.584E+2	3.489E-6
										7.587E+2	2.181E-6
										7.590E+2	7.197E-6
										7.593E+2	8.725E-7
										7.597E+2	3.925E-6
										7.600E+2	4.362E-6
										7.603E+2	5.015E-6
										7.606E+2	6.760E-6
										7.609E+2	2.835E-6
										7.612E+2	2.835E-6
										7.616E+2	5.888E-6
										7.619E+2	8.287E-6
										7.622E+2	1.745E-6
										7.625E+2	2.180E-6
										7.628E+2	4.362E-6
										7.631E+2	2.617E-6
										7.635E+2	0.000E+0
										7.638E+2	1.526E-6
										7.641E+2	5.670E-6
										7.644E+2	3.708E-6
										7.647E+2	4.144E-6
										7.650E+2	8.725E-7
										7.654E+2	3.708E-6
										7.657E+2	6.539E-7
										7.660E+2	2.176E-7
										7.663E+2	8.725E-7
										7.666E+2	4.363E-7
										7.669E+2	1.745E-6
										7.673E+2	9.377E-6
										7.676E+2	2.176E-7
										7.679E+2	7.197E-6
										7.682E+2	6.539E-7
										7.685E+2	1.963E-6
										7.688E+2	8.725E-7
										7.692E+2	4.144E-6
										7.695E+2	4.144E-6
										7.698E+2	6.107E-6
										7.701E+2	3.489E-6
										7.704E+2	2.176E-7
										7.707E+2	4.363E-7
										7.710E+2	2.835E-6
										7.714E+2	4.798E-6
										7.717E+2	1.526E-6
										7.720E+2	1.526E-6
										7.723E+2	1.090E-5
										7.726E+2	1.963E-6
										7.730E+2	8.069E-6
										7.733E+2	3.489E-6
										7.736E+2	5.234E-6
										7.739E+2	6.543E-6
										7.742E+2	1.526E-6
										7.745E+2	6.107E-6
										7.748E+2	3.053E-6
										7.752E+2	4.579E-6
										7.755E+2	9.159E-6
										7.758E+2	1.526E-6
										7.761E+2	6.542E-6
										7.764E+2	7.633E-6
										7.767E+2	4.363E-7
										7.770E+2	6.760E-6
										7.774E+2	1.526E-6
										7.777E+2	6.539E-7
										7.780E+2	1.526E-6
										7.783E+2	4.362E-6
										7.786E+2	4.798E-6
										7.789E+2	5.670E-6
										7.792E+2	1.963E-6
										7.796E+2	4.798E-6
										7.799E+2	4.362E-6
										7.802E+2	1.526E-6
										7.805E+2	5.670E-6
										7.808E+2	4.144E-6
										7.811E+2	9.377E-6
