Voltage(V)	Current(A)	PD Current(A)	J (mA/cm2)	L (cd/m2)	Cur Eff (cd/A)	Power Eff (lm/W)	EQE(%)	CIE X	CIE Y	Wav (nm)	Intensity (au)
-4.000E+0	3.371E-5	2.624E-9	8.428E-1	5.036E-1	5.976E-2	-4.691E-2	1.580E-2	2.881E-1	6.553E-1	3.808E+2	2.749E-6
-3.800E+0	2.737E-5	3.532E-9	6.843E-1	6.779E-1	9.907E-2	-8.186E-2	2.619E-2			3.811E+2	8.460E-7
-3.600E+0	5.353E-5	2.827E-9	1.338E+0	5.427E-1	4.055E-2	-3.537E-2	1.072E-2			3.815E+2	0.000E+0
-3.400E+0	7.662E-5	4.203E-9	1.916E+0	8.067E-1	4.211E-2	-3.889E-2	1.113E-2			3.819E+2	1.903E-6
-3.200E+0	6.455E-5	4.658E-9	1.614E+0	8.940E-1	5.539E-2	-5.435E-2	1.465E-2			3.822E+2	3.595E-6
-3.000E+0	6.479E-5	4.571E-9	1.620E+0	8.774E-1	5.417E-2	-5.670E-2	1.432E-2			3.826E+2	5.709E-6
-2.800E+0	8.536E-5	3.309E-9	2.134E+0	6.352E-1	2.977E-2	-3.338E-2	7.870E-3			3.830E+2	1.903E-6
-2.600E+0	4.997E-5	3.569E-9	1.249E+0	6.849E-1	5.482E-2	-6.621E-2	1.450E-2			3.833E+2	1.903E-6
-2.400E+0	9.226E-5	4.111E-9	2.306E+0	7.891E-1	3.421E-2	-4.476E-2	9.046E-3			3.837E+2	9.304E-6
-2.200E+0	8.658E-5	3.540E-9	2.164E+0	6.795E-1	3.139E-2	-4.480E-2	8.300E-3			3.841E+2	8.881E-6
-2.000E+0	1.024E-4	2.506E-9	2.560E+0	4.809E-1	1.879E-2	-2.950E-2	4.968E-3			3.844E+2	1.903E-6
-1.800E+0	8.779E-5	3.160E-9	2.195E+0	6.065E-1	2.763E-2	-4.820E-2	7.306E-3			3.848E+2	5.498E-6
-1.600E+0	7.362E-5	4.182E-9	1.840E+0	8.027E-1	4.362E-2	-8.560E-2	1.153E-2			3.852E+2	6.132E-6
-1.400E+0	6.069E-5	4.721E-9	1.517E+0	9.060E-1	5.972E-2	-1.339E-1	1.579E-2			3.855E+2	1.311E-5
-1.200E+0	4.896E-5	5.081E-9	1.224E+0	9.752E-1	7.967E-2	-2.085E-1	2.107E-2			3.859E+2	4.230E-7
-1.000E+0	3.805E-5	2.743E-9	9.514E-1	5.264E-1	5.533E-2	-1.737E-1	1.463E-2			3.863E+2	7.612E-6
-8.000E-1	2.824E-5	2.720E-9	7.061E-1	5.220E-1	7.393E-2	-2.902E-1	1.955E-2			3.866E+2	4.440E-6
-6.000E-1	1.960E-5	4.745E-9	4.901E-1	9.108E-1	1.858E-1	-9.726E-1	4.914E-2			3.870E+2	8.460E-7
-4.000E-1	1.170E-5	5.382E-9	2.925E-1	1.033E+0	3.532E-1	-2.772E+0	9.338E-2			3.874E+2	4.230E-7
-2.000E-1	5.197E-6	4.718E-9	1.299E-1	9.056E-1	6.970E-1	-1.094E+1	1.843E-1			3.877E+2	6.343E-6
1.277E-15	3.722E-9	2.805E-9	9.306E-5	5.383E-1	5.785E+2	1.423E+18	1.529E+2			3.881E+2	1.057E-6
2.000E-1	5.702E-6	3.486E-9	1.426E-1	6.691E-1	4.694E-1	7.369E+0	1.241E-1			3.885E+2	3.595E-6
4.000E-1	1.309E-5	2.903E-9	3.272E-1	5.572E-1	1.703E-1	1.337E+0	4.502E-2			3.888E+2	3.383E-6
6.000E-1	2.110E-5	3.018E-9	5.275E-1	5.792E-1	1.098E-1	5.746E-1	2.903E-2			3.892E+2	2.960E-6
8.000E-1	3.035E-5	4.294E-9	7.588E-1	8.242E-1	1.086E-1	4.264E-1	2.872E-2			3.895E+2	4.863E-6
1.000E+0	3.996E-5	4.434E-9	9.989E-1	8.511E-1	8.520E-2	2.675E-1	2.253E-2			3.899E+2	2.537E-6
1.200E+0	5.098E-5	3.044E-9	1.275E+0	5.842E-1	4.584E-2	1.199E-1	1.212E-2			3.903E+2	6.344E-6
1.400E+0	6.283E-5	2.896E-9	1.571E+0	5.559E-1	3.539E-2	7.938E-2	9.358E-3			3.906E+2	2.749E-6
1.600E+0	7.460E-5	2.589E-9	1.865E+0	4.969E-1	2.665E-2	5.229E-2	7.045E-3			3.910E+2	6.555E-6
1.800E+0	8.880E-5	3.239E-9	2.220E+0	6.216E-1	2.800E-2	4.885E-2	7.403E-3			3.914E+2	2.537E-6
2.000E+0	9.776E-5	4.294E-9	2.444E+0	8.242E-1	3.372E-2	5.294E-2	8.916E-3			3.917E+2	0.000E+0
2.200E+0	1.087E-4	3.377E-9	2.716E+0	6.482E-1	2.386E-2	3.406E-2	6.310E-3			3.921E+2	2.114E-6
2.400E+0	1.297E-4	2.865E-9	3.243E+0	5.499E-1	1.696E-2	2.218E-2	4.483E-3			3.925E+2	2.537E-6
2.600E+0	1.203E-4	2.705E-9	3.006E+0	5.192E-1	1.727E-2	2.086E-2	4.567E-3			3.928E+2	5.075E-6
2.800E+0	5.617E-5	5.139E-9	1.404E+0	9.863E-1	7.024E-2	7.876E-2	1.857E-2			3.932E+2	4.440E-6
3.000E+0	5.157E-5	1.811E-8	1.289E+0	3.476E+0	2.697E-1	2.822E-1	7.130E-2			3.935E+2	4.863E-6
3.200E+0	3.880E-5	6.349E-8	9.699E-1	1.219E+1	1.256E+0	1.233E+0	3.322E-1			3.939E+2	1.692E-6
3.400E+0	2.777E-5	1.915E-7	6.942E-1	3.676E+1	5.296E+0	4.891E+0	1.400E+0			3.943E+2	3.172E-6
3.600E+0	3.947E-5	4.641E-7	9.867E-1	8.908E+1	9.028E+0	7.875E+0	2.387E+0			3.946E+2	3.806E-6
3.800E+0	1.306E-5	1.026E-6	3.265E-1	1.969E+2	6.033E+1	4.985E+1	1.595E+1			3.950E+2	3.806E-6
4.000E+0	2.376E-5	1.975E-6	5.941E-1	3.791E+2	6.382E+1	5.010E+1	1.687E+1			3.954E+2	4.230E-7
4.200E+0	7.196E-5	3.406E-6	1.799E+0	6.537E+2	3.633E+1	2.716E+1	9.607E+0			3.957E+2	3.172E-6
4.400E+0	6.285E-5	5.562E-6	1.571E+0	1.067E+3	6.793E+1	4.848E+1	1.796E+1			3.961E+2	5.709E-6
4.600E+0	1.061E-4	8.392E-6	2.653E+0	1.611E+3	6.070E+1	4.143E+1	1.605E+1			3.965E+2	3.595E-6
4.800E+0	1.660E-4	1.194E-5	4.149E+0	2.291E+3	5.521E+1	3.612E+1	1.460E+1			3.968E+2	3.806E-6
5.000E+0	2.681E-4	1.624E-5	6.704E+0	3.116E+3	4.649E+1	2.919E+1	1.229E+1			3.972E+2	8.460E-7
5.200E+0	3.792E-4	2.144E-5	9.480E+0	4.116E+3	4.342E+1	2.622E+1	1.148E+1			3.975E+2	1.269E-6
5.400E+0	4.900E-4	2.751E-5	1.225E+1	5.279E+3	4.310E+1	2.506E+1	1.139E+1			3.979E+2	5.075E-6
5.600E+0	5.985E-4	3.453E-5	1.496E+1	6.627E+3	4.429E+1	2.483E+1	1.171E+1			3.983E+2	1.692E-6
5.800E+0	7.932E-4	4.218E-5	1.983E+1	8.096E+3	4.083E+1	2.210E+1	1.080E+1			3.986E+2	5.921E-6
6.000E+0	9.545E-4	5.079E-5	2.386E+1	9.748E+3	4.085E+1	2.138E+1	1.080E+1			3.990E+2	1.057E-6
6.200E+0	1.164E-3	6.019E-5	2.909E+1	1.155E+4	3.971E+1	2.011E+1	1.050E+1			3.994E+2	4.230E-7
6.400E+0	1.401E-3	6.983E-5	3.503E+1	1.340E+4	3.826E+1	1.877E+1	1.012E+1			3.997E+2	9.304E-6
6.600E+0	1.660E-3	8.060E-5	4.150E+1	1.547E+4	3.727E+1	1.773E+1	9.855E+0			4.001E+2	4.018E-6
6.800E+0	1.928E-3	9.163E-5	4.821E+1	1.759E+4	3.648E+1	1.685E+1	9.645E+0			4.005E+2	7.612E-6
7.000E+0	2.276E-3	1.030E-4	5.689E+1	1.976E+4	3.474E+1	1.558E+1	9.185E+0			4.008E+2	3.595E-6
7.200E+0	2.594E-3	1.154E-4	6.485E+1	2.215E+4	3.416E+1	1.490E+1	9.033E+0			4.012E+2	2.960E-6
7.400E+0	2.956E-3	1.281E-4	7.391E+1	2.458E+4	3.326E+1	1.411E+1	8.794E+0			4.015E+2	4.230E-7
7.600E+0	3.396E-3	1.406E-4	8.489E+1	2.698E+4	3.178E+1	1.313E+1	8.402E+0			4.019E+2	9.092E-6
7.800E+0	3.794E-3	1.545E-4	9.485E+1	2.965E+4	3.126E+1	1.258E+1	8.265E+0			4.023E+2	1.480E-6
8.000E+0	4.268E-3	1.679E-4	1.067E+2	3.223E+4	3.020E+1	1.185E+1	7.986E+0			4.026E+2	3.806E-6
8.200E+0	4.754E-3	1.823E-4	1.188E+2	3.498E+4	2.944E+1	1.127E+1	7.783E+0			4.030E+2	1.057E-6
8.400E+0	5.253E-3	1.970E-4	1.313E+2	3.781E+4	2.879E+1	1.076E+1	7.613E+0			4.034E+2	1.057E-6
8.600E+0	5.801E-3	2.120E-4	1.450E+2	4.068E+4	2.805E+1	1.024E+1	7.417E+0			4.037E+2	3.806E-6
8.800E+0	6.384E-3	2.272E-4	1.596E+2	4.360E+4	2.732E+1	9.749E+0	7.224E+0			4.041E+2	7.189E-6
9.000E+0	6.994E-3	2.426E-4	1.748E+2	4.656E+4	2.663E+1	9.292E+0	7.042E+0			4.045E+2	2.110E-7
9.200E+0	7.639E-3	2.585E-4	1.910E+2	4.961E+4	2.597E+1	8.865E+0	6.868E+0			4.048E+2	5.498E-6
9.400E+0	8.312E-3	2.745E-4	2.078E+2	5.269E+4	2.536E+1	8.470E+0	6.704E+0			4.052E+2	1.036E-5
9.600E+0	9.021E-3	2.907E-4	2.255E+2	5.580E+4	2.474E+1	8.094E+0	6.543E+0			4.055E+2	8.669E-6
9.800E+0	9.751E-3	3.071E-4	2.438E+2	5.894E+4	2.418E+1	7.747E+0	6.393E+0			4.059E+2	1.480E-6
1.000E+1	1.053E-2	3.237E-4	2.633E+2	6.212E+4	2.359E+1	7.408E+0	6.238E+0			4.063E+2	4.018E-6
										4.066E+2	6.555E-6
										4.070E+2	3.172E-6
										4.074E+2	8.035E-6
										4.077E+2	2.326E-6
										4.081E+2	1.205E-5
										4.084E+2	4.652E-6
										4.088E+2	4.230E-7
										4.092E+2	6.340E-7
										4.095E+2	2.110E-7
										4.099E+2	1.903E-6
										4.102E+2	1.036E-5
										4.106E+2	7.612E-6
										4.110E+2	2.115E-6
										4.113E+2	5.075E-6
										4.117E+2	6.132E-6
										4.121E+2	8.458E-6
										4.124E+2	3.172E-6
										4.128E+2	2.960E-6
										4.131E+2	3.383E-6
										4.135E+2	3.383E-6
										4.139E+2	3.595E-6
										4.142E+2	1.903E-6
										4.146E+2	2.115E-6
										4.150E+2	1.057E-6
										4.153E+2	4.440E-6
										4.157E+2	4.230E-7
										4.160E+2	2.749E-6
										4.164E+2	7.612E-6
										4.168E+2	3.383E-6
										4.171E+2	1.057E-6
										4.175E+2	5.286E-6
										4.178E+2	1.692E-6
										4.182E+2	5.075E-6
										4.186E+2	8.460E-7
										4.189E+2	4.652E-6
										4.193E+2	4.863E-6
										4.196E+2	1.036E-5
										4.200E+2	2.326E-6
										4.204E+2	4.440E-6
										4.207E+2	6.132E-6
										4.211E+2	9.728E-6
										4.215E+2	0.000E+0
										4.218E+2	1.205E-5
										4.222E+2	1.522E-5
										4.225E+2	5.709E-6
										4.229E+2	6.766E-6
										4.233E+2	1.480E-6
										4.236E+2	2.537E-6
										4.240E+2	8.460E-7
										4.243E+2	8.247E-6
										4.247E+2	3.595E-6
										4.251E+2	1.057E-6
										4.254E+2	2.326E-6
										4.258E+2	2.749E-6
										4.261E+2	1.269E-6
										4.265E+2	5.498E-6
										4.269E+2	1.269E-6
										4.272E+2	6.340E-7
										4.276E+2	1.480E-6
										4.280E+2	3.595E-6
										4.283E+2	0.000E+0
										4.287E+2	7.189E-6
										4.290E+2	4.229E-6
										4.294E+2	5.709E-6
										4.298E+2	3.806E-6
										4.301E+2	1.480E-6
										4.305E+2	4.229E-6
										4.308E+2	1.480E-6
										4.312E+2	2.326E-6
										4.315E+2	1.480E-6
										4.319E+2	9.304E-6
										4.323E+2	1.269E-6
										4.326E+2	6.132E-6
										4.330E+2	9.092E-6
										4.334E+2	1.903E-6
										4.337E+2	2.960E-6
										4.341E+2	2.960E-6
										4.344E+2	2.537E-6
										4.348E+2	1.057E-6
										4.351E+2	6.555E-6
										4.355E+2	4.229E-6
										4.359E+2	2.749E-6
										4.362E+2	2.749E-6
										4.366E+2	4.440E-6
										4.370E+2	4.652E-6
										4.373E+2	6.555E-6
										4.377E+2	3.172E-6
										4.380E+2	8.247E-6
										4.384E+2	1.459E-5
										4.387E+2	2.537E-6
										4.391E+2	3.172E-6
										4.395E+2	8.460E-7
										4.398E+2	9.728E-6
										4.402E+2	4.229E-6
										4.405E+2	7.401E-6
										4.409E+2	1.692E-6
										4.412E+2	5.709E-6
										4.416E+2	3.595E-6
										4.420E+2	2.326E-6
										4.423E+2	5.498E-6
										4.427E+2	7.824E-6
										4.430E+2	1.184E-5
										4.434E+2	3.806E-6
										4.438E+2	4.230E-7
										4.441E+2	1.480E-6
										4.445E+2	5.286E-6
										4.448E+2	1.903E-6
										4.452E+2	2.537E-6
										4.456E+2	4.652E-6
										4.459E+2	5.286E-6
										4.463E+2	2.110E-7
										4.466E+2	1.057E-6
										4.470E+2	0.000E+0
										4.474E+2	2.960E-6
										4.477E+2	8.460E-7
										4.481E+2	7.189E-6
										4.484E+2	8.460E-7
										4.488E+2	5.709E-6
										4.491E+2	1.269E-6
										4.495E+2	6.340E-7
										4.499E+2	5.921E-6
										4.502E+2	3.595E-6
										4.506E+2	0.000E+0
										4.509E+2	4.230E-7
										4.513E+2	2.110E-7
										4.516E+2	3.172E-6
										4.520E+2	3.806E-6
										4.524E+2	3.383E-6
										4.527E+2	9.092E-6
										4.531E+2	0.000E+0
										4.534E+2	5.709E-6
										4.538E+2	0.000E+0
										4.541E+2	2.537E-6
										4.545E+2	3.595E-6
										4.549E+2	8.247E-6
										4.552E+2	1.311E-5
										4.556E+2	1.226E-5
										4.559E+2	5.498E-6
										4.563E+2	4.229E-6
										4.566E+2	6.343E-6
										4.570E+2	5.286E-6
										4.574E+2	9.304E-6
										4.577E+2	9.516E-6
										4.581E+2	8.247E-6
										4.584E+2	5.498E-6
										4.588E+2	4.018E-6
										4.591E+2	4.652E-6
										4.595E+2	2.749E-6
										4.599E+2	5.709E-6
										4.602E+2	4.863E-6
										4.606E+2	3.383E-6
										4.609E+2	8.458E-6
										4.613E+2	7.189E-6
										4.616E+2	9.939E-6
										4.620E+2	9.939E-6
										4.624E+2	6.766E-6
										4.627E+2	9.304E-6
										4.631E+2	4.229E-6
										4.634E+2	3.383E-6
										4.638E+2	4.652E-6
										4.641E+2	7.189E-6
										4.645E+2	2.749E-6
										4.649E+2	3.383E-6
										4.652E+2	1.692E-6
										4.656E+2	9.939E-6
										4.659E+2	5.709E-6
										4.663E+2	3.383E-6
										4.666E+2	4.652E-6
										4.670E+2	4.652E-6
										4.674E+2	1.692E-6
										4.677E+2	1.692E-6
										4.681E+2	2.960E-6
										4.684E+2	8.458E-6
										4.688E+2	3.595E-6
										4.691E+2	4.652E-6
										4.695E+2	4.230E-7
										4.698E+2	9.092E-6
										4.702E+2	1.522E-5
										4.705E+2	8.458E-6
										4.709E+2	7.824E-6
										4.713E+2	1.269E-5
										4.716E+2	2.516E-5
										4.720E+2	1.374E-5
										4.723E+2	1.713E-5
										4.727E+2	1.734E-5
										4.730E+2	1.459E-5
										4.734E+2	1.797E-5
										4.738E+2	2.432E-5
										4.741E+2	2.072E-5
										4.745E+2	2.347E-5
										4.748E+2	3.193E-5
										4.752E+2	2.326E-5
										4.755E+2	2.453E-5
										4.759E+2	4.504E-5
										4.762E+2	3.806E-5
										4.766E+2	3.743E-5
										4.770E+2	4.018E-5
										4.773E+2	3.172E-5
										4.777E+2	4.948E-5
										4.780E+2	4.483E-5
										4.784E+2	4.293E-5
										4.787E+2	4.842E-5
										4.791E+2	5.858E-5
										4.794E+2	6.238E-5
										4.798E+2	6.682E-5
										4.801E+2	7.042E-5
										4.805E+2	7.930E-5
										4.809E+2	7.380E-5
										4.812E+2	8.184E-5
										4.816E+2	8.458E-5
										4.819E+2	9.283E-5
										4.823E+2	1.047E-4
										4.826E+2	1.159E-4
										4.830E+2	1.062E-4
										4.833E+2	1.267E-4
										4.837E+2	1.292E-4
										4.840E+2	1.381E-4
										4.844E+2	1.457E-4
										4.848E+2	1.613E-4
										4.851E+2	1.671E-4
										4.855E+2	1.821E-4
										4.858E+2	1.941E-4
										4.862E+2	2.013E-4
										4.865E+2	2.123E-4
										4.869E+2	2.381E-4
										4.872E+2	2.339E-4
										4.876E+2	2.590E-4
										4.879E+2	2.891E-4
										4.883E+2	2.960E-4
										4.886E+2	3.123E-4
										4.890E+2	3.242E-4
										4.894E+2	3.641E-4
										4.897E+2	3.785E-4
										4.901E+2	4.054E-4
										4.904E+2	4.248E-4
										4.908E+2	4.578E-4
										4.911E+2	4.804E-4
										4.915E+2	5.056E-4
										4.918E+2	5.583E-4
										4.922E+2	5.849E-4
										4.925E+2	6.268E-4
										4.929E+2	6.758E-4
										4.932E+2	7.143E-4
										4.936E+2	7.503E-4
										4.939E+2	7.862E-4
										4.943E+2	8.308E-4
										4.946E+2	8.735E-4
										4.950E+2	9.416E-4
										4.954E+2	9.761E-4
										4.957E+2	1.036E-3
										4.961E+2	1.089E-3
										4.964E+2	1.117E-3
										4.968E+2	1.208E-3
										4.971E+2	1.261E-3
										4.975E+2	1.333E-3
										4.978E+2	1.388E-3
										4.982E+2	1.464E-3
										4.985E+2	1.557E-3
										4.989E+2	1.591E-3
										4.992E+2	1.673E-3
										4.996E+2	1.749E-3
										4.999E+2	1.827E-3
										5.003E+2	1.893E-3
										5.006E+2	1.990E-3
										5.010E+2	2.048E-3
										5.014E+2	2.146E-3
										5.017E+2	2.230E-3
										5.020E+2	2.330E-3
										5.024E+2	2.385E-3
										5.028E+2	2.480E-3
										5.031E+2	2.549E-3
										5.035E+2	2.652E-3
										5.038E+2	2.739E-3
										5.042E+2	2.841E-3
										5.045E+2	2.946E-3
										5.049E+2	3.008E-3
										5.052E+2	3.099E-3
										5.056E+2	3.186E-3
										5.059E+2	3.317E-3
										5.063E+2	3.374E-3
										5.066E+2	3.437E-3
										5.070E+2	3.559E-3
										5.073E+2	3.613E-3
										5.077E+2	3.752E-3
										5.080E+2	3.782E-3
										5.084E+2	3.908E-3
										5.087E+2	3.983E-3
										5.091E+2	4.052E-3
										5.094E+2	4.140E-3
										5.098E+2	4.249E-3
										5.101E+2	4.287E-3
										5.105E+2	4.424E-3
										5.108E+2	4.476E-3
										5.112E+2	4.508E-3
										5.115E+2	4.612E-3
										5.119E+2	4.696E-3
										5.122E+2	4.677E-3
										5.126E+2	4.774E-3
										5.130E+2	4.885E-3
										5.133E+2	4.878E-3
										5.137E+2	4.903E-3
										5.140E+2	4.934E-3
										5.143E+2	5.017E-3
										5.147E+2	5.047E-3
										5.151E+2	5.089E-3
										5.154E+2	5.124E-3
										5.158E+2	5.188E-3
										5.161E+2	5.166E-3
										5.165E+2	5.200E-3
										5.168E+2	5.244E-3
										5.172E+2	5.265E-3
										5.175E+2	5.299E-3
										5.179E+2	5.298E-3
										5.182E+2	5.299E-3
										5.186E+2	5.313E-3
										5.189E+2	5.337E-3
										5.193E+2	5.339E-3
										5.196E+2	5.368E-3
										5.200E+2	5.356E-3
										5.203E+2	5.335E-3
										5.207E+2	5.372E-3
										5.210E+2	5.356E-3
										5.214E+2	5.340E-3
										5.217E+2	5.375E-3
										5.221E+2	5.396E-3
										5.224E+2	5.339E-3
										5.228E+2	5.373E-3
										5.231E+2	5.335E-3
										5.235E+2	5.355E-3
										5.238E+2	5.310E-3
										5.242E+2	5.335E-3
										5.245E+2	5.320E-3
										5.249E+2	5.298E-3
										5.252E+2	5.303E-3
										5.256E+2	5.274E-3
										5.259E+2	5.271E-3
										5.262E+2	5.266E-3
										5.266E+2	5.236E-3
										5.270E+2	5.194E-3
										5.273E+2	5.201E-3
										5.277E+2	5.172E-3
										5.280E+2	5.172E-3
										5.283E+2	5.126E-3
										5.287E+2	5.131E-3
										5.290E+2	5.096E-3
										5.294E+2	5.096E-3
										5.298E+2	5.039E-3
										5.301E+2	5.013E-3
										5.304E+2	4.993E-3
										5.308E+2	4.940E-3
										5.311E+2	4.927E-3
										5.315E+2	4.963E-3
										5.318E+2	4.893E-3
										5.322E+2	4.864E-3
										5.325E+2	4.834E-3
										5.329E+2	4.815E-3
										5.332E+2	4.804E-3
										5.336E+2	4.730E-3
										5.339E+2	4.722E-3
										5.343E+2	4.688E-3
										5.346E+2	4.662E-3
										5.350E+2	4.671E-3
										5.353E+2	4.607E-3
										5.357E+2	4.577E-3
										5.360E+2	4.575E-3
										5.364E+2	4.528E-3
										5.367E+2	4.480E-3
										5.371E+2	4.448E-3
										5.374E+2	4.419E-3
										5.378E+2	4.436E-3
										5.381E+2	4.380E-3
										5.385E+2	4.364E-3
										5.388E+2	4.334E-3
										5.392E+2	4.318E-3
										5.395E+2	4.250E-3
										5.398E+2	4.219E-3
										5.402E+2	4.264E-3
										5.405E+2	4.222E-3
										5.409E+2	4.160E-3
										5.412E+2	4.136E-3
										5.416E+2	4.144E-3
										5.419E+2	4.112E-3
										5.423E+2	4.040E-3
										5.426E+2	4.048E-3
										5.430E+2	4.009E-3
										5.433E+2	3.965E-3
										5.437E+2	3.990E-3
										5.440E+2	3.979E-3
										5.444E+2	3.901E-3
										5.447E+2	3.918E-3
										5.451E+2	3.902E-3
										5.454E+2	3.875E-3
										5.458E+2	3.841E-3
										5.461E+2	3.824E-3
										5.464E+2	3.798E-3
										5.468E+2	3.774E-3
										5.471E+2	3.783E-3
										5.475E+2	3.734E-3
										5.478E+2	3.729E-3
										5.482E+2	3.675E-3
										5.485E+2	3.665E-3
										5.489E+2	3.668E-3
										5.492E+2	3.573E-3
										5.496E+2	3.619E-3
										5.499E+2	3.570E-3
										5.503E+2	3.589E-3
										5.506E+2	3.553E-3
										5.510E+2	3.513E-3
										5.513E+2	3.515E-3
										5.516E+2	3.494E-3
										5.520E+2	3.472E-3
										5.523E+2	3.443E-3
										5.527E+2	3.386E-3
										5.530E+2	3.420E-3
										5.534E+2	3.391E-3
										5.537E+2	3.369E-3
										5.541E+2	3.308E-3
										5.544E+2	3.327E-3
										5.548E+2	3.280E-3
										5.551E+2	3.261E-3
										5.555E+2	3.235E-3
										5.558E+2	3.212E-3
										5.561E+2	3.223E-3
										5.565E+2	3.132E-3
										5.568E+2	3.107E-3
										5.572E+2	3.105E-3
										5.575E+2	3.074E-3
										5.579E+2	3.068E-3
										5.582E+2	2.980E-3
										5.586E+2	3.031E-3
										5.589E+2	2.949E-3
										5.592E+2	2.940E-3
										5.596E+2	2.939E-3
										5.599E+2	2.886E-3
										5.603E+2	2.905E-3
										5.606E+2	2.839E-3
										5.610E+2	2.801E-3
										5.613E+2	2.831E-3
										5.617E+2	2.753E-3
										5.620E+2	2.772E-3
										5.624E+2	2.761E-3
										5.627E+2	2.712E-3
										5.630E+2	2.696E-3
										5.634E+2	2.632E-3
										5.637E+2	2.593E-3
										5.641E+2	2.596E-3
										5.644E+2	2.573E-3
										5.648E+2	2.557E-3
										5.651E+2	2.503E-3
										5.655E+2	2.482E-3
										5.658E+2	2.494E-3
										5.662E+2	2.412E-3
										5.665E+2	2.445E-3
										5.668E+2	2.375E-3
										5.672E+2	2.321E-3
										5.675E+2	2.335E-3
										5.679E+2	2.297E-3
										5.682E+2	2.280E-3
										5.686E+2	2.266E-3
										5.689E+2	2.232E-3
										5.692E+2	2.207E-3
										5.696E+2	2.166E-3
										5.699E+2	2.164E-3
										5.703E+2	2.126E-3
										5.706E+2	2.105E-3
										5.710E+2	2.045E-3
										5.713E+2	2.081E-3
										5.717E+2	2.003E-3
										5.720E+2	2.012E-3
										5.723E+2	1.966E-3
										5.727E+2	1.962E-3
										5.730E+2	1.901E-3
										5.734E+2	1.909E-3
										5.737E+2	1.876E-3
										5.741E+2	1.826E-3
										5.744E+2	1.832E-3
										5.748E+2	1.807E-3
										5.751E+2	1.776E-3
										5.754E+2	1.739E-3
										5.758E+2	1.736E-3
										5.761E+2	1.701E-3
										5.765E+2	1.698E-3
										5.768E+2	1.667E-3
										5.772E+2	1.662E-3
										5.775E+2	1.663E-3
										5.778E+2	1.613E-3
										5.782E+2	1.577E-3
										5.785E+2	1.584E-3
										5.789E+2	1.542E-3
										5.792E+2	1.531E-3
										5.795E+2	1.531E-3
										5.799E+2	1.481E-3
										5.802E+2	1.464E-3
										5.806E+2	1.451E-3
										5.809E+2	1.400E-3
										5.813E+2	1.428E-3
										5.816E+2	1.380E-3
										5.820E+2	1.368E-3
										5.823E+2	1.363E-3
										5.826E+2	1.342E-3
										5.830E+2	1.329E-3
										5.833E+2	1.310E-3
										5.837E+2	1.284E-3
										5.840E+2	1.241E-3
										5.843E+2	1.240E-3
										5.847E+2	1.252E-3
										5.850E+2	1.224E-3
										5.854E+2	1.199E-3
										5.857E+2	1.186E-3
										5.861E+2	1.178E-3
										5.864E+2	1.182E-3
										5.867E+2	1.132E-3
										5.871E+2	1.137E-3
										5.874E+2	1.103E-3
										5.878E+2	1.112E-3
										5.881E+2	1.093E-3
										5.885E+2	1.070E-3
										5.888E+2	1.077E-3
										5.891E+2	1.056E-3
										5.895E+2	1.046E-3
										5.898E+2	1.029E-3
										5.902E+2	1.011E-3
										5.905E+2	1.028E-3
										5.908E+2	9.854E-4
										5.912E+2	9.748E-4
										5.915E+2	9.636E-4
										5.919E+2	9.355E-4
										5.922E+2	9.522E-4
										5.925E+2	9.239E-4
										5.929E+2	9.408E-4
										5.932E+2	9.051E-4
										5.936E+2	9.070E-4
										5.939E+2	8.970E-4
										5.942E+2	8.807E-4
										5.946E+2	8.486E-4
										5.949E+2	8.592E-4
										5.953E+2	8.384E-4
										5.956E+2	8.260E-4
										5.960E+2	8.310E-4
										5.963E+2	8.374E-4
										5.966E+2	7.985E-4
										5.970E+2	8.148E-4
										5.973E+2	8.061E-4
										5.977E+2	7.803E-4
										5.980E+2	7.684E-4
										5.983E+2	7.617E-4
										5.987E+2	7.623E-4
										5.990E+2	7.467E-4
										5.994E+2	7.410E-4
										5.997E+2	7.397E-4
										6.000E+2	7.190E-4
										6.004E+2	7.215E-4
										6.007E+2	6.987E-4
										6.011E+2	6.856E-4
										6.014E+2	6.746E-4
										6.017E+2	6.615E-4
										6.021E+2	6.729E-4
										6.024E+2	6.547E-4
										6.028E+2	6.500E-4
										6.031E+2	6.325E-4
										6.034E+2	6.318E-4
										6.038E+2	6.259E-4
										6.041E+2	6.359E-4
										6.045E+2	6.151E-4
										6.048E+2	6.044E-4
										6.051E+2	6.084E-4
										6.055E+2	5.841E-4
										6.058E+2	5.915E-4
										6.062E+2	5.919E-4
										6.065E+2	5.777E-4
										6.068E+2	5.832E-4
										6.072E+2	5.610E-4
										6.075E+2	5.403E-4
										6.078E+2	5.460E-4
										6.082E+2	5.329E-4
										6.085E+2	5.314E-4
										6.089E+2	5.136E-4
										6.092E+2	5.145E-4
										6.095E+2	5.113E-4
										6.099E+2	5.117E-4
										6.102E+2	4.969E-4
										6.106E+2	4.967E-4
										6.109E+2	4.807E-4
										6.112E+2	4.807E-4
										6.116E+2	4.656E-4
										6.119E+2	4.616E-4
										6.123E+2	4.694E-4
										6.126E+2	4.428E-4
										6.129E+2	4.623E-4
										6.133E+2	4.498E-4
										6.136E+2	4.354E-4
										6.140E+2	4.521E-4
										6.143E+2	4.521E-4
										6.146E+2	4.394E-4
										6.150E+2	4.229E-4
										6.153E+2	4.178E-4
										6.156E+2	4.049E-4
										6.160E+2	4.147E-4
										6.163E+2	4.096E-4
										6.167E+2	4.069E-4
										6.170E+2	3.961E-4
										6.173E+2	3.952E-4
										6.177E+2	3.959E-4
										6.180E+2	3.749E-4
										6.183E+2	3.658E-4
										6.187E+2	3.787E-4
										6.190E+2	3.553E-4
										6.194E+2	3.538E-4
										6.197E+2	3.601E-4
										6.200E+2	3.576E-4
										6.204E+2	3.616E-4
										6.207E+2	3.438E-4
										6.210E+2	3.455E-4
										6.214E+2	3.550E-4
										6.217E+2	3.390E-4
										6.221E+2	3.170E-4
										6.224E+2	3.311E-4
										6.227E+2	3.197E-4
										6.231E+2	3.299E-4
										6.234E+2	3.166E-4
										6.238E+2	3.039E-4
										6.241E+2	3.134E-4
										6.244E+2	3.117E-4
										6.248E+2	3.028E-4
										6.251E+2	2.905E-4
										6.254E+2	3.130E-4
										6.258E+2	2.804E-4
										6.261E+2	2.988E-4
										6.264E+2	2.690E-4
										6.268E+2	2.870E-4
										6.271E+2	2.688E-4
										6.275E+2	2.741E-4
										6.278E+2	2.647E-4
										6.281E+2	2.660E-4
										6.285E+2	2.628E-4
										6.288E+2	2.656E-4
										6.291E+2	2.567E-4
										6.295E+2	2.423E-4
										6.298E+2	2.449E-4
										6.301E+2	2.506E-4
										6.305E+2	2.425E-4
										6.308E+2	2.337E-4
										6.312E+2	2.210E-4
										6.315E+2	2.277E-4
										6.318E+2	2.269E-4
										6.322E+2	2.303E-4
										6.325E+2	2.144E-4
										6.328E+2	2.144E-4
										6.332E+2	2.195E-4
										6.335E+2	2.146E-4
										6.338E+2	2.068E-4
										6.342E+2	2.210E-4
										6.345E+2	2.009E-4
										6.348E+2	2.019E-4
										6.352E+2	1.996E-4
										6.355E+2	1.878E-4
										6.358E+2	1.918E-4
										6.362E+2	1.829E-4
										6.365E+2	1.901E-4
										6.369E+2	1.810E-4
										6.372E+2	1.812E-4
										6.375E+2	1.823E-4
										6.379E+2	1.800E-4
										6.382E+2	1.734E-4
										6.385E+2	1.687E-4
										6.389E+2	1.823E-4
										6.392E+2	1.652E-4
										6.395E+2	1.601E-4
										6.399E+2	1.700E-4
										6.402E+2	1.652E-4
										6.405E+2	1.622E-4
										6.409E+2	1.685E-4
										6.412E+2	1.561E-4
										6.415E+2	1.599E-4
										6.419E+2	1.449E-4
										6.422E+2	1.423E-4
										6.425E+2	1.465E-4
										6.429E+2	1.520E-4
										6.432E+2	1.495E-4
										6.436E+2	1.459E-4
										6.439E+2	1.360E-4
										6.442E+2	1.273E-4
										6.446E+2	1.311E-4
										6.449E+2	1.368E-4
										6.452E+2	1.336E-4
										6.456E+2	1.218E-4
										6.459E+2	1.298E-4
										6.462E+2	1.281E-4
										6.466E+2	1.176E-4
										6.469E+2	1.275E-4
										6.472E+2	1.267E-4
										6.476E+2	1.298E-4
										6.479E+2	1.169E-4
										6.482E+2	1.188E-4
										6.486E+2	1.250E-4
										6.489E+2	1.148E-4
										6.492E+2	1.161E-4
										6.496E+2	1.224E-4
										6.499E+2	1.047E-4
										6.502E+2	1.040E-4
										6.506E+2	1.000E-4
										6.509E+2	9.981E-5
										6.512E+2	1.009E-4
										6.516E+2	1.009E-4
										6.519E+2	9.875E-5
										6.522E+2	1.034E-4
										6.526E+2	9.791E-5
										6.529E+2	1.030E-4
										6.532E+2	1.036E-4
										6.536E+2	8.966E-5
										6.539E+2	1.023E-4
										6.542E+2	1.045E-4
										6.546E+2	8.754E-5
										6.549E+2	9.008E-5
										6.552E+2	8.522E-5
										6.556E+2	9.410E-5
										6.559E+2	8.733E-5
										6.562E+2	7.972E-5
										6.566E+2	7.909E-5
										6.569E+2	7.761E-5
										6.572E+2	8.395E-5
										6.576E+2	8.078E-5
										6.579E+2	8.564E-5
										6.582E+2	7.845E-5
										6.586E+2	7.380E-5
										6.589E+2	7.549E-5
										6.592E+2	7.676E-5
										6.596E+2	7.295E-5
										6.599E+2	7.232E-5
										6.602E+2	8.036E-5
										6.605E+2	8.099E-5
										6.609E+2	7.676E-5
										6.612E+2	6.386E-5
										6.615E+2	6.280E-5
										6.619E+2	7.020E-5
										6.622E+2	6.598E-5
										6.625E+2	6.640E-5
										6.629E+2	7.147E-5
										6.632E+2	7.190E-5
										6.635E+2	6.598E-5
										6.639E+2	6.999E-5
										6.642E+2	6.513E-5
										6.645E+2	6.259E-5
										6.649E+2	6.767E-5
										6.652E+2	6.788E-5
										6.655E+2	6.344E-5
										6.659E+2	6.006E-5
										6.662E+2	6.006E-5
										6.665E+2	5.836E-5
										6.668E+2	5.688E-5
										6.672E+2	6.006E-5
										6.675E+2	5.477E-5
										6.678E+2	5.561E-5
										6.682E+2	5.752E-5
										6.685E+2	6.132E-5
										6.688E+2	5.456E-5
										6.692E+2	5.540E-5
										6.695E+2	6.132E-5
										6.698E+2	4.546E-5
										6.702E+2	5.413E-5
										6.705E+2	5.054E-5
										6.708E+2	5.963E-5
										6.712E+2	5.244E-5
										6.715E+2	4.462E-5
										6.718E+2	4.694E-5
										6.722E+2	4.293E-5
										6.725E+2	3.764E-5
										6.728E+2	3.976E-5
										6.731E+2	4.504E-5
										6.735E+2	4.990E-5
										6.738E+2	4.272E-5
										6.741E+2	4.969E-5
										6.745E+2	4.293E-5
										6.748E+2	4.250E-5
										6.751E+2	4.779E-5
										6.755E+2	3.764E-5
										6.758E+2	3.912E-5
										6.761E+2	4.272E-5
										6.764E+2	3.806E-5
										6.768E+2	3.743E-5
										6.771E+2	2.643E-5
										6.774E+2	3.531E-5
										6.778E+2	3.849E-5
										6.781E+2	3.743E-5
										6.784E+2	4.102E-5
										6.788E+2	4.398E-5
										6.791E+2	3.976E-5
										6.794E+2	3.299E-5
										6.797E+2	3.827E-5
										6.801E+2	3.130E-5
										6.804E+2	3.151E-5
										6.807E+2	3.320E-5
										6.810E+2	3.151E-5
										6.814E+2	4.124E-5
										6.817E+2	2.939E-5
										6.820E+2	3.553E-5
										6.824E+2	2.601E-5
										6.827E+2	2.960E-5
										6.830E+2	3.278E-5
										6.834E+2	2.897E-5
										6.837E+2	3.679E-5
										6.840E+2	3.003E-5
										6.843E+2	3.637E-5
										6.847E+2	2.242E-5
										6.850E+2	3.362E-5
										6.853E+2	2.918E-5
										6.857E+2	3.383E-5
										6.860E+2	2.622E-5
										6.863E+2	2.855E-5
										6.866E+2	2.072E-5
										6.870E+2	3.024E-5
										6.873E+2	3.087E-5
										6.876E+2	2.368E-5
										6.880E+2	2.220E-5
										6.883E+2	3.003E-5
										6.886E+2	2.770E-5
										6.889E+2	3.574E-5
										6.893E+2	2.094E-5
										6.896E+2	2.368E-5
										6.899E+2	3.172E-5
										6.902E+2	2.305E-5
										6.906E+2	1.882E-5
										6.909E+2	1.797E-5
										6.912E+2	2.686E-5
										6.916E+2	2.601E-5
										6.919E+2	2.115E-5
										6.922E+2	2.347E-5
										6.925E+2	2.263E-5
										6.929E+2	2.411E-5
										6.932E+2	2.664E-5
										6.935E+2	2.326E-5
										6.939E+2	2.960E-5
										6.942E+2	1.819E-5
										6.945E+2	1.967E-5
										6.948E+2	2.178E-5
										6.952E+2	3.595E-5
										6.955E+2	1.269E-5
										6.958E+2	1.649E-5
										6.962E+2	1.417E-5
										6.965E+2	2.516E-5
										6.968E+2	2.707E-5
										6.971E+2	1.671E-5
										6.975E+2	1.057E-5
										6.978E+2	2.199E-5
										6.981E+2	1.671E-5
										6.984E+2	1.163E-5
										6.988E+2	2.453E-5
										6.991E+2	1.438E-5
										6.994E+2	1.924E-5
										6.997E+2	2.136E-5
										7.001E+2	2.749E-5
										7.004E+2	2.770E-5
										7.007E+2	1.015E-5
										7.010E+2	1.713E-5
										7.014E+2	2.115E-5
										7.017E+2	1.015E-5
										7.020E+2	1.078E-5
										7.024E+2	1.142E-5
										7.027E+2	9.092E-6
										7.030E+2	2.157E-5
										7.033E+2	1.586E-5
										7.037E+2	1.755E-5
										7.040E+2	1.607E-5
										7.043E+2	7.612E-6
										7.046E+2	1.121E-5
										7.050E+2	6.766E-6
										7.053E+2	1.522E-5
										7.056E+2	5.498E-6
										7.059E+2	1.565E-5
										7.063E+2	6.343E-6
										7.066E+2	1.945E-5
										7.069E+2	8.881E-6
										7.072E+2	1.628E-5
										7.076E+2	1.015E-5
										7.079E+2	1.649E-5
										7.082E+2	1.121E-5
										7.085E+2	1.290E-5
										7.089E+2	1.945E-5
										7.092E+2	1.226E-5
										7.095E+2	9.304E-6
										7.098E+2	5.921E-6
										7.102E+2	6.132E-6
										7.105E+2	1.755E-5
										7.108E+2	6.344E-6
										7.112E+2	1.205E-5
										7.115E+2	1.438E-5
										7.118E+2	1.015E-5
										7.121E+2	6.344E-6
										7.124E+2	6.132E-6
										7.128E+2	1.311E-5
										7.131E+2	5.075E-6
										7.134E+2	1.036E-5
										7.137E+2	9.728E-6
										7.141E+2	2.115E-6
										7.144E+2	1.015E-5
										7.147E+2	8.035E-6
										7.150E+2	1.100E-5
										7.154E+2	8.669E-6
										7.157E+2	5.709E-6
										7.160E+2	4.652E-6
										7.163E+2	1.501E-5
										7.167E+2	8.247E-6
										7.170E+2	9.728E-6
										7.173E+2	8.669E-6
										7.176E+2	9.516E-6
										7.180E+2	5.921E-6
										7.183E+2	8.460E-7
										7.186E+2	8.460E-7
										7.189E+2	8.458E-6
										7.192E+2	1.248E-5
										7.196E+2	8.669E-6
										7.199E+2	7.401E-6
										7.202E+2	8.247E-6
										7.205E+2	2.749E-6
										7.209E+2	7.824E-6
										7.212E+2	4.018E-6
										7.215E+2	1.015E-5
										7.218E+2	3.383E-6
										7.222E+2	1.142E-5
										7.225E+2	8.460E-7
										7.228E+2	1.057E-5
										7.231E+2	6.555E-6
										7.235E+2	2.326E-6
										7.238E+2	1.121E-5
										7.241E+2	2.749E-6
										7.244E+2	9.516E-6
										7.248E+2	6.978E-6
										7.251E+2	3.806E-6
										7.254E+2	6.978E-6
										7.257E+2	8.458E-6
										7.260E+2	9.304E-6
										7.264E+2	1.100E-5
										7.267E+2	1.142E-5
										7.270E+2	6.555E-6
										7.273E+2	8.035E-6
										7.277E+2	1.163E-5
										7.280E+2	1.269E-5
										7.283E+2	8.035E-6
										7.286E+2	6.132E-6
										7.289E+2	1.057E-6
										7.293E+2	1.121E-5
										7.296E+2	9.092E-6
										7.299E+2	9.516E-6
										7.302E+2	6.132E-6
										7.305E+2	1.163E-5
										7.309E+2	1.607E-5
										7.312E+2	2.110E-7
										7.315E+2	5.075E-6
										7.318E+2	4.229E-6
										7.322E+2	9.939E-6
										7.325E+2	3.383E-6
										7.328E+2	3.172E-6
										7.331E+2	1.057E-6
										7.335E+2	3.806E-6
										7.338E+2	8.460E-7
										7.341E+2	4.652E-6
										7.344E+2	1.480E-6
										7.347E+2	4.863E-6
										7.351E+2	2.114E-6
										7.354E+2	1.480E-5
										7.357E+2	8.881E-6
										7.360E+2	8.035E-6
										7.363E+2	6.340E-7
										7.367E+2	7.612E-6
										7.370E+2	4.229E-6
										7.373E+2	7.189E-6
										7.376E+2	2.326E-6
										7.380E+2	8.247E-6
										7.383E+2	8.458E-6
										7.386E+2	1.903E-6
										7.389E+2	2.114E-6
										7.392E+2	4.440E-6
										7.395E+2	9.516E-6
										7.399E+2	7.824E-6
										7.402E+2	8.247E-6
										7.405E+2	3.595E-6
										7.408E+2	9.304E-6
										7.412E+2	6.340E-7
										7.415E+2	4.230E-7
										7.418E+2	7.824E-6
										7.421E+2	4.018E-6
										7.424E+2	2.960E-6
										7.428E+2	4.018E-6
										7.431E+2	6.555E-6
										7.434E+2	3.595E-6
										7.437E+2	1.057E-6
										7.440E+2	1.057E-6
										7.443E+2	4.229E-6
										7.447E+2	2.749E-6
										7.450E+2	9.728E-6
										7.453E+2	3.383E-6
										7.456E+2	1.480E-6
										7.460E+2	9.304E-6
										7.463E+2	1.269E-6
										7.466E+2	6.344E-6
										7.469E+2	1.057E-6
										7.472E+2	2.537E-6
										7.475E+2	4.652E-6
										7.479E+2	1.480E-6
										7.482E+2	5.921E-6
										7.485E+2	1.480E-6
										7.488E+2	2.749E-6
										7.492E+2	1.480E-6
										7.495E+2	3.172E-6
										7.498E+2	2.110E-7
										7.501E+2	4.229E-6
										7.504E+2	6.978E-6
										7.507E+2	4.229E-6
										7.511E+2	4.863E-6
										7.514E+2	1.100E-5
										7.517E+2	1.269E-6
										7.520E+2	1.692E-6
										7.523E+2	1.480E-6
										7.527E+2	4.229E-6
										7.530E+2	1.121E-5
										7.533E+2	2.114E-6
										7.536E+2	2.110E-7
										7.539E+2	4.440E-6
										7.542E+2	4.863E-6
										7.546E+2	2.749E-6
										7.549E+2	2.749E-6
										7.552E+2	5.498E-6
										7.555E+2	4.229E-6
										7.558E+2	4.229E-6
										7.562E+2	1.692E-6
										7.565E+2	5.075E-6
										7.568E+2	3.806E-6
										7.571E+2	4.018E-6
										7.574E+2	2.326E-6
										7.578E+2	3.172E-6
										7.581E+2	4.230E-7
										7.584E+2	3.806E-6
										7.587E+2	1.903E-6
										7.590E+2	6.344E-6
										7.593E+2	3.806E-6
										7.597E+2	5.286E-6
										7.600E+2	1.269E-6
										7.603E+2	2.537E-6
										7.606E+2	5.921E-6
										7.609E+2	1.057E-6
										7.612E+2	1.692E-6
										7.616E+2	5.286E-6
										7.619E+2	6.343E-6
										7.622E+2	2.326E-6
										7.625E+2	8.460E-7
										7.628E+2	1.269E-6
										7.631E+2	1.480E-6
										7.635E+2	2.115E-6
										7.638E+2	2.749E-6
										7.641E+2	6.344E-6
										7.644E+2	2.110E-7
										7.647E+2	5.286E-6
										7.650E+2	2.110E-7
										7.654E+2	1.480E-6
										7.657E+2	5.498E-6
										7.660E+2	2.326E-6
										7.663E+2	3.806E-6
										7.666E+2	1.269E-6
										7.669E+2	2.110E-7
										7.673E+2	2.110E-7
										7.676E+2	7.824E-6
										7.679E+2	1.480E-6
										7.682E+2	3.172E-6
										7.685E+2	6.340E-7
										7.688E+2	1.692E-6
										7.692E+2	7.824E-6
										7.695E+2	1.269E-6
										7.698E+2	1.374E-5
										7.701E+2	3.595E-6
										7.704E+2	4.018E-6
										7.707E+2	6.978E-6
										7.710E+2	3.806E-6
										7.714E+2	5.286E-6
										7.717E+2	2.960E-6
										7.720E+2	1.057E-6
										7.723E+2	3.806E-6
										7.726E+2	2.326E-6
										7.730E+2	2.114E-6
										7.733E+2	4.230E-7
										7.736E+2	3.595E-6
										7.739E+2	6.978E-6
										7.742E+2	1.480E-6
										7.745E+2	2.960E-6
										7.748E+2	8.669E-6
										7.752E+2	6.978E-6
										7.755E+2	2.115E-6
										7.758E+2	5.709E-6
										7.761E+2	3.595E-6
										7.764E+2	8.458E-6
										7.767E+2	3.595E-6
										7.770E+2	2.537E-6
										7.774E+2	6.340E-7
										7.777E+2	4.230E-7
										7.780E+2	8.881E-6
										7.783E+2	8.881E-6
										7.786E+2	7.612E-6
										7.789E+2	1.903E-6
										7.792E+2	8.460E-7
										7.796E+2	4.863E-6
										7.799E+2	4.230E-7
										7.802E+2	2.749E-6
										7.805E+2	8.460E-7
										7.808E+2	1.269E-6
										7.811E+2	9.516E-6
