Wav (nm)	CalR)	Wav (nm)	MeasuredR	Torg (nm)	Tmir (nm)	3.800E+2	6.258E-1	3.808E+2	5.604E-1	1.600E+1	1.090E+2
3.820E+2	6.281E-1	3.811E+2	5.494E-1		
3.840E+2	6.312E-1	3.815E+2	6.201E-1		
3.860E+2	6.352E-1	3.819E+2	5.790E-1		
3.880E+2	6.407E-1	3.822E+2	5.412E-1		
3.900E+2	6.478E-1	3.826E+2	5.764E-1		
3.920E+2	6.562E-1	3.830E+2	5.826E-1		
3.940E+2	6.659E-1	3.833E+2	6.166E-1		
3.960E+2	6.766E-1	3.837E+2	6.202E-1		
3.980E+2	6.882E-1	3.841E+2	5.541E-1		
4.000E+2	7.005E-1	3.844E+2	6.208E-1		
4.020E+2	7.118E-1	3.848E+2	6.117E-1		
4.040E+2	7.233E-1	3.852E+2	5.982E-1		
4.060E+2	7.347E-1	3.855E+2	5.730E-1		
4.080E+2	7.459E-1	3.859E+2	5.687E-1		
4.100E+2	7.566E-1	3.863E+2	5.480E-1		
4.120E+2	7.668E-1	3.866E+2	6.023E-1		
4.140E+2	7.767E-1	3.870E+2	5.665E-1		
4.160E+2	7.863E-1	3.874E+2	5.441E-1		
4.180E+2	7.953E-1	3.877E+2	5.934E-1		
4.200E+2	8.037E-1	3.881E+2	5.829E-1		
4.220E+2	8.116E-1	3.884E+2	5.364E-1		
4.240E+2	8.189E-1	3.888E+2	5.839E-1		
4.260E+2	8.257E-1	3.892E+2	5.265E-1		
4.280E+2	8.318E-1	3.895E+2	6.018E-1		
4.300E+2	8.369E-1	3.899E+2	5.703E-1		
4.320E+2	8.415E-1	3.903E+2	5.210E-1		
4.340E+2	8.458E-1	3.906E+2	5.528E-1		
4.360E+2	8.498E-1	3.910E+2	5.712E-1		
4.380E+2	8.534E-1	3.914E+2	5.640E-1		
4.400E+2	8.567E-1	3.917E+2	5.336E-1		
4.420E+2	8.597E-1	3.921E+2	5.199E-1		
4.440E+2	8.627E-1	3.925E+2	5.580E-1		
4.460E+2	8.655E-1	3.928E+2	5.527E-1		
4.480E+2	8.681E-1	3.932E+2	5.960E-1		
4.500E+2	8.704E-1	3.936E+2	5.799E-1		
4.520E+2	8.725E-1	3.939E+2	5.564E-1		
4.540E+2	8.743E-1	3.943E+2	5.105E-1		
4.560E+2	8.758E-1	3.946E+2	5.823E-1		
4.580E+2	8.771E-1	3.950E+2	5.410E-1		
4.600E+2	8.781E-1	3.954E+2	5.566E-1		
4.620E+2	8.789E-1	3.957E+2	5.474E-1		
4.640E+2	8.793E-1	3.961E+2	5.282E-1		
4.660E+2	8.796E-1	3.965E+2	5.147E-1		
4.680E+2	8.797E-1	3.968E+2	5.387E-1		
4.700E+2	8.795E-1	3.972E+2	5.575E-1		
4.720E+2	8.790E-1	3.976E+2	4.988E-1		
4.740E+2	8.783E-1	3.979E+2	5.469E-1		
4.760E+2	8.774E-1	3.983E+2	5.611E-1		
4.780E+2	8.761E-1	3.986E+2	5.264E-1		
4.800E+2	8.743E-1	3.990E+2	5.551E-1		
4.820E+2	8.722E-1	3.994E+2	5.756E-1		
4.840E+2	8.698E-1	3.997E+2	5.458E-1		
4.860E+2	8.671E-1	4.001E+2	5.333E-1		
4.880E+2	8.641E-1	4.004E+2	5.575E-1		
4.900E+2	8.607E-1	4.008E+2	5.063E-1		
4.920E+2	8.570E-1	4.012E+2	4.976E-1		
4.940E+2	8.528E-1	4.015E+2	5.383E-1		
4.960E+2	8.482E-1	4.019E+2	5.342E-1		
4.980E+2	8.429E-1	4.023E+2	5.308E-1		
5.000E+2	8.372E-1	4.026E+2	5.294E-1		
5.020E+2	8.308E-1	4.030E+2	5.040E-1		
5.040E+2	8.238E-1	4.034E+2	5.587E-1		
5.060E+2	8.160E-1	4.037E+2	5.317E-1		
5.080E+2	8.076E-1	4.041E+2	5.755E-1		
5.100E+2	7.983E-1	4.044E+2	5.708E-1		
5.120E+2	7.882E-1	4.048E+2	5.477E-1		
5.140E+2	7.772E-1	4.052E+2	5.431E-1		
5.160E+2	7.651E-1	4.055E+2	5.479E-1		
5.180E+2	7.522E-1	4.059E+2	5.543E-1		
5.200E+2	7.386E-1	4.063E+2	5.486E-1		
5.220E+2	7.238E-1	4.066E+2	5.690E-1		
5.240E+2	7.077E-1	4.070E+2	5.285E-1		
5.260E+2	6.904E-1	4.074E+2	5.445E-1		
5.280E+2	6.717E-1	4.077E+2	5.396E-1		
5.300E+2	6.516E-1	4.081E+2	5.145E-1		
5.320E+2	6.301E-1	4.084E+2	5.421E-1		
5.340E+2	6.071E-1	4.088E+2	5.489E-1		
5.360E+2	5.827E-1	4.092E+2	5.175E-1		
5.380E+2	5.567E-1	4.095E+2	5.486E-1		
5.400E+2	5.298E-1	4.099E+2	5.282E-1		
5.420E+2	5.020E-1	4.102E+2	5.117E-1		
5.440E+2	4.732E-1	4.106E+2	5.509E-1		
5.460E+2	4.438E-1	4.110E+2	5.288E-1		
5.480E+2	4.139E-1	4.113E+2	5.780E-1		
5.500E+2	3.842E-1	4.117E+2	5.353E-1		
5.520E+2	3.550E-1	4.121E+2	5.409E-1		
5.540E+2	3.270E-1	4.124E+2	5.555E-1		
5.560E+2	3.009E-1	4.128E+2	5.404E-1		
5.580E+2	2.771E-1	4.131E+2	5.548E-1		
5.600E+2	2.565E-1	4.135E+2	5.364E-1		
5.620E+2	2.396E-1	4.139E+2	5.257E-1		
5.640E+2	2.267E-1	4.142E+2	5.492E-1		
5.660E+2	2.172E-1	4.146E+2	5.326E-1		
5.680E+2	2.124E-1	4.149E+2	5.638E-1		
5.700E+2	2.121E-1	4.153E+2	5.140E-1		
5.720E+2	2.163E-1	4.157E+2	5.170E-1		
5.740E+2	2.246E-1	4.160E+2	5.301E-1		
5.760E+2	2.366E-1	4.164E+2	5.558E-1		
5.780E+2	2.518E-1	4.168E+2	5.251E-1		
5.800E+2	2.698E-1	4.171E+2	5.270E-1		
5.820E+2	2.899E-1	4.175E+2	5.503E-1		
5.840E+2	3.117E-1	4.178E+2	5.432E-1		
5.860E+2	3.345E-1	4.182E+2	5.456E-1		
5.880E+2	3.580E-1	4.186E+2	5.515E-1		
5.900E+2	3.819E-1	4.189E+2	5.331E-1		
5.920E+2	4.042E-1	4.193E+2	5.372E-1		
5.940E+2	4.260E-1	4.196E+2	5.175E-1		
5.960E+2	4.473E-1	4.200E+2	5.403E-1		
5.980E+2	4.680E-1	4.204E+2	5.441E-1		
6.000E+2	4.880E-1	4.207E+2	5.411E-1		
6.020E+2	5.073E-1	4.211E+2	5.355E-1		
6.040E+2	5.258E-1	4.215E+2	5.467E-1		
6.060E+2	5.434E-1	4.218E+2	5.321E-1		
6.080E+2	5.602E-1	4.222E+2	5.230E-1		
6.100E+2	5.762E-1	4.225E+2	5.364E-1		
6.120E+2	5.914E-1	4.229E+2	5.344E-1		
6.140E+2	6.058E-1	4.233E+2	5.129E-1		
6.160E+2	6.195E-1	4.236E+2	5.290E-1		
6.180E+2	6.325E-1	4.240E+2	5.189E-1		
6.200E+2	6.449E-1	4.243E+2	5.374E-1		
6.220E+2	6.573E-1	4.247E+2	5.240E-1		
6.240E+2	6.691E-1	4.251E+2	5.183E-1		
6.260E+2	6.802E-1	4.254E+2	5.507E-1		
6.280E+2	6.908E-1	4.258E+2	5.420E-1		
6.300E+2	7.007E-1	4.261E+2	5.487E-1		
6.320E+2	7.101E-1	4.265E+2	5.179E-1		
6.340E+2	7.191E-1	4.269E+2	5.405E-1		
6.360E+2	7.276E-1	4.272E+2	5.243E-1		
6.380E+2	7.356E-1	4.276E+2	4.997E-1		
6.400E+2	7.432E-1	4.279E+2	5.200E-1		
6.420E+2	7.505E-1	4.283E+2	5.022E-1		
6.440E+2	7.574E-1	4.287E+2	5.285E-1		
6.460E+2	7.639E-1	4.290E+2	5.186E-1		
6.480E+2	7.701E-1	4.294E+2	5.209E-1		
6.500E+2	7.760E-1	4.298E+2	5.083E-1		
6.520E+2	7.816E-1	4.301E+2	5.124E-1		
6.540E+2	7.874E-1	4.305E+2	5.264E-1		
6.560E+2	7.931E-1	4.308E+2	5.433E-1		
6.580E+2	7.985E-1	4.312E+2	5.048E-1		
6.600E+2	8.037E-1	4.316E+2	5.224E-1		
6.620E+2	8.086E-1	4.319E+2	5.165E-1		
6.640E+2	8.134E-1	4.323E+2	5.196E-1		
6.660E+2	8.179E-1	4.326E+2	5.108E-1		
6.680E+2	8.223E-1	4.330E+2	5.403E-1		
6.700E+2	8.265E-1	4.334E+2	5.075E-1		
6.720E+2	8.305E-1	4.337E+2	5.095E-1		
6.740E+2	8.343E-1	4.341E+2	5.111E-1		
6.760E+2	8.381E-1	4.344E+2	5.029E-1		
6.780E+2	8.416E-1	4.348E+2	5.075E-1		
6.800E+2	8.450E-1	4.351E+2	4.813E-1		
6.820E+2	8.483E-1	4.355E+2	4.834E-1		
6.840E+2	8.515E-1	4.359E+2	4.801E-1		
6.860E+2	8.545E-1	4.362E+2	4.850E-1		
6.880E+2	8.575E-1	4.366E+2	4.912E-1		
6.900E+2	8.600E-1	4.369E+2	4.693E-1		
6.920E+2	8.623E-1	4.373E+2	4.733E-1		
6.940E+2	8.645E-1	4.377E+2	4.628E-1		
6.960E+2	8.666E-1	4.380E+2	4.651E-1		
6.980E+2	8.687E-1	4.384E+2	4.792E-1		
7.000E+2	8.707E-1	4.387E+2	4.765E-1		
7.020E+2	8.726E-1	4.391E+2	4.428E-1		
7.040E+2	8.745E-1	4.395E+2	4.479E-1		
7.060E+2	8.763E-1	4.398E+2	4.705E-1		
7.080E+2	8.780E-1	4.402E+2	4.581E-1		
7.100E+2	8.797E-1	4.405E+2	4.642E-1		
7.120E+2	8.814E-1	4.409E+2	4.542E-1		
7.140E+2	8.830E-1	4.412E+2	4.274E-1		
7.160E+2	8.845E-1	4.416E+2	4.464E-1		
7.180E+2	8.860E-1	4.420E+2	4.435E-1		
7.200E+2	8.875E-1	4.423E+2	4.614E-1		
7.220E+2	8.889E-1	4.427E+2	4.277E-1		
7.240E+2	8.903E-1	4.431E+2	4.282E-1		
7.260E+2	8.917E-1	4.434E+2	4.140E-1		
7.280E+2	8.930E-1	4.438E+2	4.342E-1		
7.300E+2	8.944E-1	4.441E+2	4.122E-1		
7.320E+2	8.961E-1	4.445E+2	4.097E-1		
7.340E+2	8.977E-1	4.448E+2	3.938E-1		
7.360E+2	8.993E-1	4.452E+2	4.071E-1		
7.380E+2	9.008E-1	4.456E+2	3.905E-1		
7.400E+2	9.023E-1	4.459E+2	3.994E-1		
7.420E+2	9.038E-1	4.463E+2	3.687E-1		
7.440E+2	9.052E-1	4.466E+2	3.790E-1		
7.460E+2	9.066E-1	4.470E+2	3.679E-1		
7.480E+2	9.080E-1	4.474E+2	3.717E-1		
7.500E+2	9.093E-1	4.477E+2	3.490E-1		
7.520E+2	9.106E-1	4.481E+2	3.576E-1		
7.540E+2	9.119E-1	4.484E+2	3.497E-1		
7.560E+2	9.131E-1	4.488E+2	3.539E-1		
7.580E+2	9.143E-1	4.491E+2	3.160E-1		
7.600E+2	9.155E-1	4.495E+2	3.383E-1		
7.620E+2	9.167E-1	4.499E+2	3.314E-1		
7.640E+2	9.178E-1	4.502E+2	3.251E-1		
7.660E+2	9.189E-1	4.506E+2	3.114E-1		
7.680E+2	9.200E-1	4.509E+2	3.034E-1		
7.700E+2	9.210E-1	4.513E+2	2.952E-1		
7.720E+2	9.221E-1	4.516E+2	2.898E-1		
7.740E+2	9.231E-1	4.520E+2	2.699E-1		
7.760E+2	9.240E-1	4.524E+2	2.694E-1		
7.780E+2	9.249E-1	4.527E+2	2.559E-1		
7.800E+2	9.257E-1	4.531E+2	2.558E-1		
		4.534E+2	2.667E-1		
		4.538E+2	2.482E-1		
		4.541E+2	2.422E-1		
		4.545E+2	2.264E-1		
		4.549E+2	2.264E-1		
		4.552E+2	2.159E-1		
		4.556E+2	2.091E-1		
		4.559E+2	2.118E-1		
		4.563E+2	2.074E-1		
		4.566E+2	1.882E-1		
		4.570E+2	1.917E-1		
		4.574E+2	1.763E-1		
		4.577E+2	1.719E-1		
		4.581E+2	1.640E-1		
		4.584E+2	1.629E-1		
		4.588E+2	1.455E-1		
		4.591E+2	1.521E-1		
		4.595E+2	1.384E-1		
		4.599E+2	1.381E-1		
		4.602E+2	1.326E-1		
		4.606E+2	1.443E-1		
		4.609E+2	1.210E-1		
		4.613E+2	1.274E-1		
		4.616E+2	1.185E-1		
		4.620E+2	1.117E-1		
		4.624E+2	1.151E-1		
		4.627E+2	1.172E-1		
		4.631E+2	1.045E-1		
		4.634E+2	1.118E-1		
		4.638E+2	1.137E-1		
		4.641E+2	1.152E-1		
		4.645E+2	1.075E-1		
		4.649E+2	1.150E-1		
		4.652E+2	1.113E-1		
		4.656E+2	1.115E-1		
		4.659E+2	1.088E-1		
		4.663E+2	1.106E-1		
		4.666E+2	1.173E-1		
		4.670E+2	1.201E-1		
		4.674E+2	1.200E-1		
		4.677E+2	1.240E-1		
		4.681E+2	1.243E-1		
		4.684E+2	1.228E-1		
		4.688E+2	1.335E-1		
		4.691E+2	1.323E-1		
		4.695E+2	1.374E-1		
		4.698E+2	1.286E-1		
		4.702E+2	1.420E-1		
		4.706E+2	1.348E-1		
		4.709E+2	1.453E-1		
		4.713E+2	1.574E-1		
		4.716E+2	1.584E-1		
		4.720E+2	1.576E-1		
		4.723E+2	1.625E-1		
		4.727E+2	1.651E-1		
		4.730E+2	1.755E-1		
		4.734E+2	1.827E-1		
		4.738E+2	1.813E-1		
		4.741E+2	1.840E-1		
		4.745E+2	1.943E-1		
		4.748E+2	1.930E-1		
		4.752E+2	1.964E-1		
		4.755E+2	2.023E-1		
		4.759E+2	2.152E-1		
		4.762E+2	2.167E-1		
		4.766E+2	2.293E-1		
		4.769E+2	2.356E-1		
		4.773E+2	2.324E-1		
		4.777E+2	2.311E-1		
		4.780E+2	2.384E-1		
		4.784E+2	2.511E-1		
		4.787E+2	2.566E-1		
		4.791E+2	2.558E-1		
		4.794E+2	2.707E-1		
		4.798E+2	2.669E-1		
		4.801E+2	2.855E-1		
		4.805E+2	2.859E-1		
		4.809E+2	3.016E-1		
		4.812E+2	3.022E-1		
		4.816E+2	3.037E-1		
		4.819E+2	3.066E-1		
		4.823E+2	3.168E-1		
		4.826E+2	3.198E-1		
		4.830E+2	3.210E-1		
		4.833E+2	3.243E-1		
		4.837E+2	3.355E-1		
		4.840E+2	3.437E-1		
		4.844E+2	3.437E-1		
		4.848E+2	3.507E-1		
		4.851E+2	3.560E-1		
		4.855E+2	3.652E-1		
		4.858E+2	3.679E-1		
		4.862E+2	3.730E-1		
		4.865E+2	3.817E-1		
		4.869E+2	3.830E-1		
		4.872E+2	3.969E-1		
		4.876E+2	4.041E-1		
		4.879E+2	3.979E-1		
		4.883E+2	4.054E-1		
		4.886E+2	4.110E-1		
		4.890E+2	4.201E-1		
		4.894E+2	4.187E-1		
		4.897E+2	4.307E-1		
		4.901E+2	4.362E-1		
		4.904E+2	4.421E-1		
		4.908E+2	4.446E-1		
		4.911E+2	4.499E-1		
		4.915E+2	4.540E-1		
		4.918E+2	4.558E-1		
		4.922E+2	4.637E-1		
		4.925E+2	4.653E-1		
		4.929E+2	4.660E-1		
		4.932E+2	4.739E-1		
		4.936E+2	4.873E-1		
		4.939E+2	4.857E-1		
		4.943E+2	5.006E-1		
		4.946E+2	4.908E-1		
		4.950E+2	5.020E-1		
		4.954E+2	5.071E-1		
		4.957E+2	5.092E-1		
		4.961E+2	5.186E-1		
		4.964E+2	5.246E-1		
		4.968E+2	5.212E-1		
		4.971E+2	5.331E-1		
		4.975E+2	5.241E-1		
		4.978E+2	5.372E-1		
		4.982E+2	5.302E-1		
		4.985E+2	5.410E-1		
		4.989E+2	5.379E-1		
		4.992E+2	5.516E-1		
		4.996E+2	5.590E-1		
		4.999E+2	5.538E-1		
		5.003E+2	5.650E-1		
		5.006E+2	5.692E-1		
		5.010E+2	5.585E-1		
		5.014E+2	5.762E-1		
		5.017E+2	5.782E-1		
		5.021E+2	5.842E-1		
		5.024E+2	5.782E-1		
		5.028E+2	5.904E-1		
		5.031E+2	5.901E-1		
		5.035E+2	5.988E-1		
		5.038E+2	5.963E-1		
		5.042E+2	5.995E-1		
		5.045E+2	6.121E-1		
		5.049E+2	6.041E-1		
		5.052E+2	6.151E-1		
		5.056E+2	6.145E-1		
		5.059E+2	6.115E-1		
		5.063E+2	6.213E-1		
		5.066E+2	6.198E-1		
		5.070E+2	6.304E-1		
		5.073E+2	6.393E-1		
		5.077E+2	6.402E-1		
		5.080E+2	6.462E-1		
		5.084E+2	6.462E-1		
		5.087E+2	6.394E-1		
		5.091E+2	6.454E-1		
		5.094E+2	6.597E-1		
		5.098E+2	6.561E-1		
		5.101E+2	6.519E-1		
		5.105E+2	6.636E-1		
		5.108E+2	6.655E-1		
		5.112E+2	6.701E-1		
		5.116E+2	6.657E-1		
		5.119E+2	6.733E-1		
		5.122E+2	6.811E-1		
		5.126E+2	6.806E-1		
		5.130E+2	6.865E-1		
		5.133E+2	6.838E-1		
		5.136E+2	6.828E-1		
		5.140E+2	6.835E-1		
		5.144E+2	6.974E-1		
		5.147E+2	6.888E-1		
		5.151E+2	7.036E-1		
		5.154E+2	6.970E-1		
		5.158E+2	7.060E-1		
		5.161E+2	7.020E-1		
		5.165E+2	7.109E-1		
		5.168E+2	7.081E-1		
		5.172E+2	7.157E-1		
		5.175E+2	7.204E-1		
		5.179E+2	7.212E-1		
		5.182E+2	7.252E-1		
		5.186E+2	7.245E-1		
		5.189E+2	7.230E-1		
		5.193E+2	7.345E-1		
		5.196E+2	7.341E-1		
		5.200E+2	7.393E-1		
		5.203E+2	7.448E-1		
		5.207E+2	7.338E-1		
		5.210E+2	7.419E-1		
		5.214E+2	7.539E-1		
		5.217E+2	7.381E-1		
		5.221E+2	7.568E-1		
		5.224E+2	7.638E-1		
		5.228E+2	7.577E-1		
		5.231E+2	7.571E-1		
		5.235E+2	7.643E-1		
		5.238E+2	7.670E-1		
		5.242E+2	7.597E-1		
		5.245E+2	7.663E-1		
		5.249E+2	7.760E-1		
		5.252E+2	7.698E-1		
		5.256E+2	7.754E-1		
		5.259E+2	7.831E-1		
		5.262E+2	7.834E-1		
		5.266E+2	7.906E-1		
		5.270E+2	7.928E-1		
		5.273E+2	7.936E-1		
		5.276E+2	7.869E-1		
		5.280E+2	8.002E-1		
		5.284E+2	7.969E-1		
		5.287E+2	7.958E-1		
		5.290E+2	8.008E-1		
		5.294E+2	8.072E-1		
		5.298E+2	8.053E-1		
		5.301E+2	8.010E-1		
		5.304E+2	8.086E-1		
		5.308E+2	8.147E-1		
		5.311E+2	8.112E-1		
		5.315E+2	8.098E-1		
		5.318E+2	8.076E-1		
		5.322E+2	8.154E-1		
		5.325E+2	8.234E-1		
		5.329E+2	8.303E-1		
		5.332E+2	8.264E-1		
		5.336E+2	8.329E-1		
		5.339E+2	8.210E-1		
		5.343E+2	8.354E-1		
		5.346E+2	8.333E-1		
		5.350E+2	8.326E-1		
		5.353E+2	8.419E-1		
		5.357E+2	8.316E-1		
		5.360E+2	8.446E-1		
		5.364E+2	8.315E-1		
		5.367E+2	8.370E-1		
		5.371E+2	8.322E-1		
		5.374E+2	8.477E-1		
		5.378E+2	8.415E-1		
		5.381E+2	8.384E-1		
		5.385E+2	8.470E-1		
		5.388E+2	8.447E-1		
		5.391E+2	8.500E-1		
		5.395E+2	8.530E-1		
		5.399E+2	8.549E-1		
		5.402E+2	8.602E-1		
		5.405E+2	8.586E-1		
		5.409E+2	8.491E-1		
		5.412E+2	8.539E-1		
		5.416E+2	8.604E-1		
		5.419E+2	8.647E-1		
		5.423E+2	8.614E-1		
		5.426E+2	8.648E-1		
		5.430E+2	8.627E-1		
		5.433E+2	8.612E-1		
		5.437E+2	8.680E-1		
		5.440E+2	8.706E-1		
		5.444E+2	8.787E-1		
		5.447E+2	8.782E-1		
		5.451E+2	8.741E-1		
		5.454E+2	8.693E-1		
		5.458E+2	8.785E-1		
		5.461E+2	8.823E-1		
		5.464E+2	8.803E-1		
		5.468E+2	8.802E-1		
		5.471E+2	8.864E-1		
		5.475E+2	8.813E-1		
		5.478E+2	8.806E-1		
		5.482E+2	8.868E-1		
		5.485E+2	8.863E-1		
		5.489E+2	8.919E-1		
		5.492E+2	8.852E-1		
		5.496E+2	8.914E-1		
		5.499E+2	8.921E-1		
		5.503E+2	8.887E-1		
		5.506E+2	8.952E-1		
		5.510E+2	8.986E-1		
		5.513E+2	8.960E-1		
		5.516E+2	8.966E-1		
		5.520E+2	8.937E-1		
		5.523E+2	8.968E-1		
		5.527E+2	8.969E-1		
		5.530E+2	8.964E-1		
		5.534E+2	9.030E-1		
		5.537E+2	9.037E-1		
		5.541E+2	9.013E-1		
		5.544E+2	9.069E-1		
		5.548E+2	9.068E-1		
		5.551E+2	9.099E-1		
		5.555E+2	9.102E-1		
		5.558E+2	9.131E-1		
		5.561E+2	9.164E-1		
		5.565E+2	9.122E-1		
		5.568E+2	9.083E-1		
		5.572E+2	9.093E-1		
		5.575E+2	9.123E-1		
		5.579E+2	9.077E-1		
		5.582E+2	9.127E-1		
		5.586E+2	9.104E-1		
		5.589E+2	9.185E-1		
		5.592E+2	9.127E-1		
		5.596E+2	9.153E-1		
		5.599E+2	9.248E-1		
		5.603E+2	9.185E-1		
		5.606E+2	9.253E-1		
		5.610E+2	9.238E-1		
		5.613E+2	9.205E-1		
		5.617E+2	9.229E-1		
		5.620E+2	9.247E-1		
		5.624E+2	9.225E-1		
		5.627E+2	9.260E-1		
		5.630E+2	9.240E-1		
		5.634E+2	9.259E-1		
		5.637E+2	9.267E-1		
		5.641E+2	9.244E-1		
		5.644E+2	9.282E-1		
		5.648E+2	9.321E-1		
		5.651E+2	9.324E-1		
		5.655E+2	9.309E-1		
		5.658E+2	9.325E-1		
		5.661E+2	9.317E-1		
		5.665E+2	9.341E-1		
		5.668E+2	9.370E-1		
		5.672E+2	9.377E-1		
		5.675E+2	9.343E-1		
		5.679E+2	9.355E-1		
		5.682E+2	9.355E-1		
		5.686E+2	9.416E-1		
		5.689E+2	9.384E-1		
		5.692E+2	9.401E-1		
		5.696E+2	9.425E-1		
		5.699E+2	9.440E-1		
		5.703E+2	9.404E-1		
		5.706E+2	9.427E-1		
		5.710E+2	9.380E-1		
		5.713E+2	9.443E-1		
		5.716E+2	9.452E-1		
		5.720E+2	9.422E-1		
		5.723E+2	9.476E-1		
		5.727E+2	9.481E-1		
		5.730E+2	9.455E-1		
		5.734E+2	9.433E-1		
		5.737E+2	9.477E-1		
		5.741E+2	9.463E-1		
		5.744E+2	9.450E-1		
		5.748E+2	9.460E-1		
		5.751E+2	9.463E-1		
		5.754E+2	9.464E-1		
		5.758E+2	9.489E-1		
		5.761E+2	9.531E-1		
		5.765E+2	9.494E-1		
		5.768E+2	9.499E-1		
		5.771E+2	9.526E-1		
		5.775E+2	9.536E-1		
		5.778E+2	9.514E-1		
		5.782E+2	9.503E-1		
		5.785E+2	9.536E-1		
		5.789E+2	9.527E-1		
		5.792E+2	9.499E-1		
		5.795E+2	9.503E-1		
		5.799E+2	9.541E-1		
		5.802E+2	9.578E-1		
		5.806E+2	9.549E-1		
		5.809E+2	9.584E-1		
		5.813E+2	9.573E-1		
		5.816E+2	9.568E-1		
		5.820E+2	9.523E-1		
		5.823E+2	9.537E-1		
		5.826E+2	9.535E-1		
		5.830E+2	9.519E-1		
		5.833E+2	9.545E-1		
		5.837E+2	9.538E-1		
		5.840E+2	9.499E-1		
		5.844E+2	9.530E-1		
		5.847E+2	9.583E-1		
		5.850E+2	9.544E-1		
		5.854E+2	9.607E-1		
		5.857E+2	9.553E-1		
		5.861E+2	9.546E-1		
		5.864E+2	9.619E-1		
		5.867E+2	9.580E-1		
		5.871E+2	9.546E-1		
		5.874E+2	9.548E-1		
		5.878E+2	9.600E-1		
		5.881E+2	9.611E-1		
		5.885E+2	9.532E-1		
		5.888E+2	9.556E-1		
		5.891E+2	9.527E-1		
		5.895E+2	9.591E-1		
		5.898E+2	9.549E-1		
		5.902E+2	9.599E-1		
		5.905E+2	9.573E-1		
		5.908E+2	9.578E-1		
		5.912E+2	9.566E-1		
		5.915E+2	9.617E-1		
		5.919E+2	9.584E-1		
		5.922E+2	9.560E-1		
		5.925E+2	9.576E-1		
		5.929E+2	9.605E-1		
		5.932E+2	9.557E-1		
		5.936E+2	9.551E-1		
		5.939E+2	9.588E-1		
		5.942E+2	9.576E-1		
		5.946E+2	9.590E-1		
		5.949E+2	9.639E-1		
		5.953E+2	9.638E-1		
		5.956E+2	9.574E-1		
		5.960E+2	9.592E-1		
		5.963E+2	9.563E-1		
		5.966E+2	9.553E-1		
		5.970E+2	9.595E-1		
		5.973E+2	9.616E-1		
		5.977E+2	9.635E-1		
		5.980E+2	9.577E-1		
		5.983E+2	9.612E-1		
		5.987E+2	9.595E-1		
		5.990E+2	9.620E-1		
		5.994E+2	9.606E-1		
		5.997E+2	9.603E-1		
		6.000E+2	9.601E-1		
		6.004E+2	9.613E-1		
		6.007E+2	9.628E-1		
		6.011E+2	9.595E-1		
		6.014E+2	9.674E-1		
		6.017E+2	9.619E-1		
		6.021E+2	9.595E-1		
		6.024E+2	9.641E-1		
		6.028E+2	9.615E-1		
		6.031E+2	9.644E-1		
		6.034E+2	9.630E-1		
		6.038E+2	9.600E-1		
		6.041E+2	9.651E-1		
		6.045E+2	9.649E-1		
		6.048E+2	9.613E-1		
		6.051E+2	9.613E-1		
		6.055E+2	9.612E-1		
		6.058E+2	9.615E-1		
		6.062E+2	9.647E-1		
		6.065E+2	9.625E-1		
		6.068E+2	9.607E-1		
		6.072E+2	9.656E-1		
		6.075E+2	9.601E-1		
		6.079E+2	9.587E-1		
		6.082E+2	9.631E-1		
		6.085E+2	9.631E-1		
		6.089E+2	9.670E-1		
		6.092E+2	9.646E-1		
		6.095E+2	9.649E-1		
		6.099E+2	9.603E-1		
		6.102E+2	9.628E-1		
		6.106E+2	9.623E-1		
		6.109E+2	9.668E-1		
		6.112E+2	9.632E-1		
		6.116E+2	9.671E-1		
		6.119E+2	9.658E-1		
		6.123E+2	9.608E-1		
		6.126E+2	9.681E-1		
		6.129E+2	9.646E-1		
		6.133E+2	9.634E-1		
		6.136E+2	9.688E-1		
		6.140E+2	9.674E-1		
		6.143E+2	9.655E-1		
		6.146E+2	9.663E-1		
		6.150E+2	9.673E-1		
		6.153E+2	9.679E-1		
		6.156E+2	9.664E-1		
		6.160E+2	9.655E-1		
		6.163E+2	9.656E-1		
		6.167E+2	9.712E-1		
		6.170E+2	9.665E-1		
		6.173E+2	9.656E-1		
		6.177E+2	9.693E-1		
		6.180E+2	9.643E-1		
		6.184E+2	9.637E-1		
		6.187E+2	9.690E-1		
		6.190E+2	9.656E-1		
		6.194E+2	9.707E-1		
		6.197E+2	9.703E-1		
		6.200E+2	9.671E-1		
		6.204E+2	9.655E-1		
		6.207E+2	9.675E-1		
		6.210E+2	9.695E-1		
		6.214E+2	9.673E-1		
		6.217E+2	9.664E-1		
		6.221E+2	9.713E-1		
		6.224E+2	9.697E-1		
		6.227E+2	9.676E-1		
		6.231E+2	9.697E-1		
		6.234E+2	9.670E-1		
		6.238E+2	9.697E-1		
		6.241E+2	9.708E-1		
		6.244E+2	9.715E-1		
		6.248E+2	9.676E-1		
		6.251E+2	9.701E-1		
		6.254E+2	9.668E-1		
		6.258E+2	9.657E-1		
		6.261E+2	9.663E-1		
		6.264E+2	9.696E-1		
		6.268E+2	9.710E-1		
		6.271E+2	9.742E-1		
		6.275E+2	9.715E-1		
		6.278E+2	9.733E-1		
		6.281E+2	9.702E-1		
		6.285E+2	9.705E-1		
		6.288E+2	9.690E-1		
		6.291E+2	9.654E-1		
		6.295E+2	9.737E-1		
		6.298E+2	9.669E-1		
		6.301E+2	9.686E-1		
		6.305E+2	9.691E-1		
		6.308E+2	9.733E-1		
		6.311E+2	9.696E-1		
		6.315E+2	9.674E-1		
		6.318E+2	9.662E-1		
		6.322E+2	9.691E-1		
		6.325E+2	9.677E-1		
		6.328E+2	9.713E-1		
		6.332E+2	9.710E-1		
		6.335E+2	9.713E-1		
		6.338E+2	9.675E-1		
		6.342E+2	9.655E-1		
		6.345E+2	9.699E-1		
		6.348E+2	9.712E-1		
		6.352E+2	9.687E-1		
		6.355E+2	9.687E-1		
		6.359E+2	9.720E-1		
		6.362E+2	9.698E-1		
		6.365E+2	9.671E-1		
		6.369E+2	9.641E-1		
		6.372E+2	9.659E-1		
		6.375E+2	9.701E-1		
		6.379E+2	9.683E-1		
		6.382E+2	9.676E-1		
		6.385E+2	9.737E-1		
		6.389E+2	9.672E-1		
		6.392E+2	9.658E-1		
		6.395E+2	9.699E-1		
		6.399E+2	9.667E-1		
		6.402E+2	9.661E-1		
		6.405E+2	9.708E-1		
		6.409E+2	9.674E-1		
		6.412E+2	9.678E-1		
		6.415E+2	9.660E-1		
		6.419E+2	9.698E-1		
		6.422E+2	9.698E-1		
		6.425E+2	9.687E-1		
		6.429E+2	9.701E-1		
		6.432E+2	9.682E-1		
		6.436E+2	9.638E-1		
		6.439E+2	9.669E-1		
		6.442E+2	9.704E-1		
		6.446E+2	9.723E-1		
		6.449E+2	9.718E-1		
		6.452E+2	9.616E-1		
		6.456E+2	9.706E-1		
		6.459E+2	9.702E-1		
		6.462E+2	9.697E-1		
		6.466E+2	9.703E-1		
		6.469E+2	9.688E-1		
		6.472E+2	9.719E-1		
		6.476E+2	9.706E-1		
		6.479E+2	9.681E-1		
		6.482E+2	9.652E-1		
		6.486E+2	9.746E-1		
		6.489E+2	9.708E-1		
		6.492E+2	9.680E-1		
		6.496E+2	9.650E-1		
		6.499E+2	9.718E-1		
		6.502E+2	9.658E-1		
		6.506E+2	9.629E-1		
		6.509E+2	9.706E-1		
		6.512E+2	9.674E-1		
		6.516E+2	9.672E-1		
		6.519E+2	9.659E-1		
		6.522E+2	9.691E-1		
		6.526E+2	9.693E-1		
		6.529E+2	9.680E-1		
		6.532E+2	9.686E-1		
		6.536E+2	9.685E-1		
		6.539E+2	9.669E-1		
		6.542E+2	9.695E-1		
		6.546E+2	9.690E-1		
		6.549E+2	9.763E-1		
		6.552E+2	9.843E-1		
		6.556E+2	1.000E+0		
		6.559E+2	9.872E-1		
		6.562E+2	9.786E-1		
		6.566E+2	9.753E-1		
		6.569E+2	9.740E-1		
		6.572E+2	9.760E-1		
		6.576E+2	9.732E-1		
		6.579E+2	9.764E-1		
		6.582E+2	9.680E-1		
		6.586E+2	9.691E-1		
		6.589E+2	9.716E-1		
		6.592E+2	9.659E-1		
		6.596E+2	9.629E-1		
		6.599E+2	9.655E-1		
		6.602E+2	9.693E-1		
		6.605E+2	9.684E-1		
		6.609E+2	9.604E-1		
		6.612E+2	9.668E-1		
		6.615E+2	9.685E-1		
		6.619E+2	9.674E-1		
		6.622E+2	9.649E-1		
		6.625E+2	9.623E-1		
		6.629E+2	9.651E-1		
		6.632E+2	9.702E-1		
		6.635E+2	9.632E-1		
		6.639E+2	9.647E-1		
		6.642E+2	9.664E-1		
		6.645E+2	9.632E-1		
		6.649E+2	9.663E-1		
		6.652E+2	9.633E-1		
		6.655E+2	9.669E-1		
		6.659E+2	9.616E-1		
		6.662E+2	9.631E-1		
		6.665E+2	9.590E-1		
		6.669E+2	9.614E-1		
		6.672E+2	9.588E-1		
		6.675E+2	9.656E-1		
		6.679E+2	9.627E-1		
		6.682E+2	9.630E-1		
		6.685E+2	9.636E-1		
		6.688E+2	9.635E-1		
		6.692E+2	9.622E-1		
		6.695E+2	9.635E-1		
		6.698E+2	9.713E-1		
		6.702E+2	9.604E-1		
		6.705E+2	9.620E-1		
		6.708E+2	9.670E-1		
		6.712E+2	9.700E-1		
		6.715E+2	9.635E-1		
		6.718E+2	9.655E-1		
		6.721E+2	9.670E-1		
		6.725E+2	9.654E-1		
		6.728E+2	9.674E-1		
		6.731E+2	9.693E-1		
		6.735E+2	9.675E-1		
		6.738E+2	9.632E-1		
		6.741E+2	9.696E-1		
		6.745E+2	9.727E-1		
		6.748E+2	9.655E-1		
		6.751E+2	9.608E-1		
		6.755E+2	9.668E-1		
		6.758E+2	9.632E-1		
		6.761E+2	9.630E-1		
		6.764E+2	9.646E-1		
		6.768E+2	9.620E-1		
		6.771E+2	9.644E-1		
		6.774E+2	9.669E-1		
		6.778E+2	9.623E-1		
		6.781E+2	9.714E-1		
		6.784E+2	9.600E-1		
		6.788E+2	9.630E-1		
		6.791E+2	9.664E-1		
		6.794E+2	9.620E-1		
		6.797E+2	9.642E-1		
		6.801E+2	9.633E-1		
		6.804E+2	9.619E-1		
		6.807E+2	9.626E-1		
		6.810E+2	9.682E-1		
		6.814E+2	9.614E-1		
		6.817E+2	9.584E-1		
		6.820E+2	9.551E-1		
		6.824E+2	9.623E-1		
		6.827E+2	9.610E-1		
		6.830E+2	9.575E-1		
		6.834E+2	9.614E-1		
		6.837E+2	9.600E-1		
		6.840E+2	9.619E-1		
		6.843E+2	9.587E-1		
		6.847E+2	9.530E-1		
		6.850E+2	9.591E-1		
		6.853E+2	9.590E-1		
		6.857E+2	9.576E-1		
		6.860E+2	9.611E-1		
		6.863E+2	9.604E-1		
		6.866E+2	9.547E-1		
		6.870E+2	9.657E-1		
		6.873E+2	9.586E-1		
		6.876E+2	9.602E-1		
		6.880E+2	9.491E-1		
		6.883E+2	9.565E-1		
		6.886E+2	9.580E-1		
		6.889E+2	9.571E-1		
		6.893E+2	9.594E-1		
		6.896E+2	9.533E-1		
		6.899E+2	9.580E-1		
		6.902E+2	9.650E-1		
		6.906E+2	9.565E-1		
		6.909E+2	9.581E-1		
		6.912E+2	9.598E-1		
		6.916E+2	9.561E-1		
		6.919E+2	9.574E-1		
		6.922E+2	9.570E-1		
		6.925E+2	9.557E-1		
		6.929E+2	9.524E-1		
		6.932E+2	9.564E-1		
		6.935E+2	9.607E-1		
		6.939E+2	9.549E-1		
		6.942E+2	9.528E-1		
		6.945E+2	9.600E-1		
		6.948E+2	9.547E-1		
		6.952E+2	9.665E-1		
		6.955E+2	9.496E-1		
		6.958E+2	9.598E-1		
		6.961E+2	9.477E-1		
		6.965E+2	9.539E-1		
		6.968E+2	9.512E-1		
		6.971E+2	9.541E-1		
		6.975E+2	9.497E-1		
		6.978E+2	9.455E-1		
		6.981E+2	9.550E-1		
		6.984E+2	9.606E-1		
		6.988E+2	9.572E-1		
		6.991E+2	9.462E-1		
		6.994E+2	9.558E-1		
		6.997E+2	9.541E-1		
		7.001E+2	9.525E-1		
		7.004E+2	9.500E-1		
		7.007E+2	9.492E-1		
		7.010E+2	9.549E-1		
		7.014E+2	9.576E-1		
		7.017E+2	9.451E-1		
		7.020E+2	9.522E-1		
		7.024E+2	9.560E-1		
		7.027E+2	9.537E-1		
		7.030E+2	9.414E-1		
		7.033E+2	9.554E-1		
		7.037E+2	9.605E-1		
		7.040E+2	9.489E-1		
		7.043E+2	9.470E-1		
		7.046E+2	9.575E-1		
		7.050E+2	9.474E-1		
		7.053E+2	9.426E-1		
		7.056E+2	9.531E-1		
		7.059E+2	9.504E-1		
		7.063E+2	9.557E-1		
		7.066E+2	9.457E-1		
		7.069E+2	9.579E-1		
		7.072E+2	9.597E-1		
		7.076E+2	9.523E-1		
		7.079E+2	9.594E-1		
		7.082E+2	9.529E-1		
		7.085E+2	9.501E-1		
		7.089E+2	9.496E-1		
		7.092E+2	9.509E-1		
		7.095E+2	9.461E-1		
		7.099E+2	9.526E-1		
		7.102E+2	9.478E-1		
		7.105E+2	9.398E-1		
		7.108E+2	9.567E-1		
		7.111E+2	9.495E-1		
		7.115E+2	9.513E-1		
		7.118E+2	9.508E-1		
		7.121E+2	9.543E-1		
		7.124E+2	9.521E-1		
		7.128E+2	9.465E-1		
		7.131E+2	9.444E-1		
		7.134E+2	9.537E-1		
		7.137E+2	9.430E-1		
		7.141E+2	9.422E-1		
		7.144E+2	9.466E-1		
		7.147E+2	9.499E-1		
		7.150E+2	9.442E-1		
		7.154E+2	9.523E-1		
		7.157E+2	9.572E-1		
		7.160E+2	9.460E-1		
		7.163E+2	9.529E-1		
		7.167E+2	9.537E-1		
		7.170E+2	9.534E-1		
		7.173E+2	9.474E-1		
		7.176E+2	9.458E-1		
		7.180E+2	9.608E-1		
		7.183E+2	9.389E-1		
		7.186E+2	9.406E-1		
		7.189E+2	9.326E-1		
		7.192E+2	9.394E-1		
		7.196E+2	9.473E-1		
		7.199E+2	9.562E-1		
		7.202E+2	9.443E-1		
		7.205E+2	9.475E-1		
		7.209E+2	9.494E-1		
		7.212E+2	9.470E-1		
		7.215E+2	9.353E-1		
		7.218E+2	9.489E-1		
		7.222E+2	9.375E-1		
		7.225E+2	9.444E-1		
		7.228E+2	9.497E-1		
		7.231E+2	9.331E-1		
		7.235E+2	9.520E-1		
		7.238E+2	9.322E-1		
		7.241E+2	9.523E-1		
		7.244E+2	9.421E-1		
		7.248E+2	9.311E-1		
		7.251E+2	9.485E-1		
		7.254E+2	9.381E-1		
		7.257E+2	9.411E-1		
		7.260E+2	9.424E-1		
		7.264E+2	9.379E-1		
		7.267E+2	9.440E-1		
		7.270E+2	9.411E-1		
		7.273E+2	9.439E-1		
		7.276E+2	9.487E-1		
		7.280E+2	9.433E-1		
		7.283E+2	9.445E-1		
		7.286E+2	9.446E-1		
		7.289E+2	9.429E-1		
		7.293E+2	9.412E-1		
		7.296E+2	9.443E-1		
		7.299E+2	9.421E-1		
		7.302E+2	9.355E-1		
		7.305E+2	9.492E-1		
		7.309E+2	9.420E-1		
		7.312E+2	9.385E-1		
		7.315E+2	9.448E-1		
		7.318E+2	9.487E-1		
		7.322E+2	9.460E-1		
		7.325E+2	9.498E-1		
		7.328E+2	9.371E-1		
		7.331E+2	9.395E-1		
		7.335E+2	9.487E-1		
		7.338E+2	9.448E-1		
		7.341E+2	9.405E-1		
		7.344E+2	9.402E-1		
		7.347E+2	9.547E-1		
		7.351E+2	9.403E-1		
		7.354E+2	9.467E-1		
		7.357E+2	9.390E-1		
		7.360E+2	9.388E-1		
		7.363E+2	9.478E-1		
		7.367E+2	9.543E-1		
		7.370E+2	9.486E-1		
		7.373E+2	9.459E-1		
		7.376E+2	9.393E-1		
		7.380E+2	9.455E-1		
		7.383E+2	9.488E-1		
		7.386E+2	9.532E-1		
		7.389E+2	9.554E-1		
		7.392E+2	9.464E-1		
		7.395E+2	9.387E-1		
		7.399E+2	9.460E-1		
		7.402E+2	9.367E-1		
		7.405E+2	9.497E-1		
		7.408E+2	9.447E-1		
		7.411E+2	9.436E-1		
		7.415E+2	9.509E-1		
		7.418E+2	9.437E-1		
		7.421E+2	9.483E-1		
		7.424E+2	9.402E-1		
		7.428E+2	9.365E-1		
		7.431E+2	9.537E-1		
		7.434E+2	9.545E-1		
		7.437E+2	9.420E-1		
		7.440E+2	9.384E-1		
		7.444E+2	9.509E-1		
		7.447E+2	9.517E-1		
		7.450E+2	9.529E-1		
		7.453E+2	9.440E-1		
		7.456E+2	9.483E-1		
		7.460E+2	9.541E-1		
		7.463E+2	9.462E-1		
		7.466E+2	9.475E-1		
		7.469E+2	9.393E-1		
		7.472E+2	9.461E-1		
		7.475E+2	9.557E-1		
		7.479E+2	9.597E-1		
		7.482E+2	9.445E-1		
		7.485E+2	9.467E-1		
		7.488E+2	9.373E-1		
		7.491E+2	9.475E-1		
		7.495E+2	9.449E-1		
		7.498E+2	9.446E-1		
		7.501E+2	9.418E-1		
		7.504E+2	9.456E-1		
		7.507E+2	9.378E-1		
		7.511E+2	9.377E-1		
		7.514E+2	9.426E-1		
		7.517E+2	9.489E-1		
		7.520E+2	9.371E-1		
		7.523E+2	9.540E-1		
		7.527E+2	9.376E-1		
		7.530E+2	9.495E-1		
		7.533E+2	9.509E-1		
		7.536E+2	9.487E-1		
		7.539E+2	9.560E-1		
		7.542E+2	9.494E-1		
		7.546E+2	9.512E-1		
		7.549E+2	9.444E-1		
		7.552E+2	9.508E-1		
		7.555E+2	9.601E-1		
		7.558E+2	9.599E-1		
		7.562E+2	9.470E-1		
		7.565E+2	9.504E-1		
		7.568E+2	9.567E-1		
		7.571E+2	9.391E-1		
		7.574E+2	9.244E-1		
		7.578E+2	9.433E-1		
		7.581E+2	9.529E-1		
		7.584E+2	9.402E-1		
		7.587E+2	9.534E-1		
		7.590E+2	9.471E-1		
		7.593E+2	9.404E-1		
		7.596E+2	9.487E-1		
		7.600E+2	9.387E-1		
		7.603E+2	9.509E-1		
		7.606E+2	9.510E-1		
		7.609E+2	9.451E-1		
		7.612E+2	9.418E-1		
		7.616E+2	9.536E-1		
		7.619E+2	9.624E-1		
		7.622E+2	9.425E-1		
		7.625E+2	9.542E-1		
		7.628E+2	9.463E-1		
		7.631E+2	9.660E-1		
		7.635E+2	9.426E-1		
		7.638E+2	9.428E-1		
		7.641E+2	9.431E-1		
		7.644E+2	9.498E-1		
		7.647E+2	9.481E-1		
		7.650E+2	9.485E-1		
		7.654E+2	9.466E-1		
		7.657E+2	9.584E-1		
		7.660E+2	9.536E-1		
		7.663E+2	9.505E-1		
		7.666E+2	9.597E-1		
		7.669E+2	9.565E-1		
		7.673E+2	9.466E-1		
		7.676E+2	9.445E-1		
		7.679E+2	9.415E-1		
		7.682E+2	9.527E-1		
		7.685E+2	9.489E-1		
		7.688E+2	9.429E-1		
		7.692E+2	9.439E-1		
		7.695E+2	9.373E-1		
		7.698E+2	9.424E-1		
		7.701E+2	9.417E-1		
		7.704E+2	9.575E-1		
		7.707E+2	9.488E-1		
		7.710E+2	9.441E-1		
		7.714E+2	9.547E-1		
		7.717E+2	9.401E-1		
		7.720E+2	9.463E-1		
		7.723E+2	9.372E-1		
		7.726E+2	9.351E-1		
		7.730E+2	9.472E-1		
		7.733E+2	9.517E-1		
		7.736E+2	9.461E-1		
		7.739E+2	9.302E-1		
		7.742E+2	9.423E-1		
		7.745E+2	9.415E-1		
		7.748E+2	9.359E-1		
		7.751E+2	9.463E-1		
		7.755E+2	9.337E-1		
		7.758E+2	9.473E-1		
		7.761E+2	9.416E-1		
		7.764E+2	9.434E-1		
		7.767E+2	9.513E-1		
		7.770E+2	9.402E-1		
		7.774E+2	9.404E-1		
		7.777E+2	9.481E-1		
		7.780E+2	9.628E-1		
		7.783E+2	9.396E-1		
		7.786E+2	9.405E-1		
		7.789E+2	9.300E-1		
		7.792E+2	9.416E-1		
		7.796E+2	9.512E-1		
		7.799E+2	9.353E-1		
		7.802E+2	9.661E-1		
		7.805E+2	9.356E-1		
		7.808E+2	9.344E-1		
		7.811E+2	9.475E-1		
